Title: A Companionship Study of the Hipparcos-Gaia Catalog of Accelerations using Direct Imaging with NIRC2 at Keck
Authors: Schonhut-Stasik J.S., Dupuy T.
Table: Astrometric Accelerations for All HGCA-KOA Stars 
================================================================================
Column	Parameter			Unit
--------------------------------------------------------------------------------
1	HIP ID				dimensionless
2	RA Acceleration 		m/s/yr	
3	RA Acceleration error		m/s/yr
4	Dec Acceleration 		m/s/yr
5	Dec Acceleration error		m/s/yr
6	Astrometric acceleration	m/s/yr
7	Astrometric acceleration error	m/s/yr
--------------------------------------------------------------------------------

hip_id,accel_ra,ra_err,accel_dec,dec_err,acceleration,accel_err
8387,428.3472219092604,14.620498691285498,235.12344444460777,7.846193084457181,488.6352183836913,14.06688961509615
58684,145.31341611823484,8.103928774860465,216.69823695765527,4.713640052390691,260.9101661578318,6.4042693609852845
14669,-38.17959281450005,20.479749460876175,-258.70252335856054,12.597188052971076,261.5046403021705,13.161356877074928
39816,-6.454341895375549,3.947689819292848,9.121909867980213,1.665869199303515,11.174424770070038,2.1432509772684547
50303,40.88480386756969,13.880673088518893,147.14008292700464,6.9918688248155005,152.71467248124998,8.451809622853993
27253,4.1668545008526,2.889682302717571,-11.02684724298638,1.7034188344579309,11.787876676969093,1.7655416276784652
50316,-12.285046072066235,1.6759582329501552,-19.61411303001046,0.8944435613965646,23.143806664998223,1.28093505145409
94349,-79.47819539004733,12.725018414821061,-103.17450310928534,8.3705516556754,130.23732811412583,10.650954347230723
56633,177.24873049244155,21.614969959811063,-101.01348594000851,11.158899052330707,204.01185456471512,18.334745497448147
14702,92.2741767626819,15.307783935905528,52.46089739311396,10.435827828987804,106.14456864353208,14.624956652193449
83874,17.695652608427782,3.2948870271385977,4.612525148589913,1.4506044346130302,18.286921815454107,3.336115429657418
14721,17.443010674191292,3.9387531934008893,-8.38292043968354,1.992911875333472,19.352828642811247,3.445273058680752
58744,-277.41267026126826,41.607001805315605,6.879881747643609,21.827479136937225,277.4979682706681,41.48101704085681
83898,-187.99101359217966,39.483794818182275,-149.58161440398078,18.52306170695663,240.24004778370377,36.0786974630932
14729,-45.40444282971394,1.513546515862828,-66.16309208002328,0.9383475634664381,80.24411618471724,1.2191742772736471
12635,-5.722045770822554,11.407596519635204,7.344852824018395,6.001981835654758,9.31067509957679,7.576404006541154
12638,43.554463736725914,34.46363491387595,169.37792360934444,20.39119639382906,174.88817089102022,22.61510152124105
92312,0.48320426037534836,5.985574025850514,54.75247730342521,4.315637269245896,54.7546094609334,4.318642576013195
50372,200.31601119437545,16.521480690167763,-22.531716310661068,11.690748118906416,201.579221599671,16.390989344368798
98578,-45.08782656447122,6.554782365690996,201.6092810659876,3.503232322020473,206.58948258866477,3.4280121841361657
96501,-198.53950611967664,42.054103115644104,-57.65384625716252,21.50957093962085,206.741146070369,42.19035764737555
21008,-114.50989882701263,8.053772117315487,144.96165220513222,2.798588062971767,184.73331464414963,4.038827599169747
27331,-136.54325444551657,23.571800513901277,51.62170615521824,13.234908226213864,145.97554891470276,21.74179305633207
8486,-94.02137287694013,2.7384233402517983,163.91582200476208,1.7870583295186795,188.96670410726185,1.9669236651538455
104887,-206.57973501222133,10.02558136220866,-34.58551074089999,6.25728224810758,209.4548745456369,10.05742920640277
46199,93.91950712407021,17.712802444868345,-25.917155996540124,10.567062100094608,97.42983523221862,16.921897522186345
60910,-94.18303951652157,14.073820323674889,218.82246379796888,8.64929139322799,238.2303834425493,9.131827991554466
42028,55.93718336998401,10.206551477573896,-39.49652804199697,4.2385576162294125,68.47586589988818,7.662306710722473
42030,2.2190064660090774,2.9194772328546663,12.051242264179782,1.0592823902254918,12.253833269885106,1.4074955044292818
79796,175.02726541818933,6.182974528222228,106.34908812252833,3.3390486500660637,204.80398478609393,5.87506997300725
143,-69.77296077954648,11.503689187721678,-52.357542940784576,4.559572184330676,87.2328972277101,10.737815767434148
109110,322.7443088714829,2.21352338651173,288.6279970940523,1.5091453351993973,432.9780705941762,1.9952460578161113
8553,-34.69482978603004,9.76127457998053,9.243572020565251,4.712743571965494,35.905080943802005,9.170545654969272
12740,39.09822107953093,7.693912457717,80.27620791154462,4.743757939910153,89.29132347681613,5.741489546300188
77740,-5.46442787003679,2.6166409695599135,-45.241161587103726,1.5402557105522041,45.569975572708664,1.604573174487861
42074,-14.140100013183872,1.1641107076969428,-17.97342448467712,0.43549252421914847,22.86889625865738,0.945102637681087
98677,5.265969914429987,0.694464065913487,0.3429005898615299,0.3717858953427316,5.277122317533406,0.6982685866653815
54677,-349.48719452670605,12.89021052149043,-48.03692079791442,5.95161292444367,352.77307847665014,13.047149323172956
100784,8.343611568570655,21.955647722449932,213.00954719334308,14.009580044550951,213.17289473457978,14.112956791329495
52600,-2.585385567356808,2.337867868204482,21.5144233413745,2.4161230059459933,21.66920926669399,2.4148766222823905
107062,-84.49360425889438,1.7030533364765952,170.5566429148663,1.2968803517822698,190.33848166634058,1.3624935499622508
14864,-23.429498470996798,27.147378039875832,-224.8624791599796,17.325475087434807,226.07979992156467,17.742803601365534
79860,-48.27581400004908,16.32470433995912,88.36004057092913,7.4603025051397545,100.68788897908018,8.429846755989226
81952,-69.40667508791144,18.40588173314981,-253.22611365609916,10.484168740182044,262.56570831723354,11.912501659653488
67275,49.49056514270582,7.26073936589177,41.787025595831274,3.3007052440246762,64.77245978261955,6.560590177980894
6512,135.770498139377,9.037094726374004,128.00343780317056,4.572364792195485,186.59718179663037,7.93883470258987
71478,-118.52821317396307,3.460144138303336,-97.45751354773058,3.16831782713577,153.45000575144508,3.3517346852418277
90365,9.992645957077466,2.2190396278251665,-24.492538494598687,1.4101463759288002,26.452550257638585,1.4759988396892354
12803,53.87861062492838,20.518384784203374,-59.86963010423049,12.277227974298425,80.54363594778935,15.424041857080509
113421,-1.898308996562699,1.5916738189944033,2.8979052500927955,0.5750513780186319,3.464308283762614,0.7199632645192633
77810,-103.27792087830785,2.2058326308315546,-140.70832647725538,1.3176070778183036,174.54272279581267,1.7911294575102759
4436,151.11557781448926,36.06865727798391,249.6919336898036,21.946954689070925,291.8595203312036,28.100549530023525
10732,341.7525696418412,26.60184516301967,-56.1299124108294,14.639201147437491,346.331323914036,25.91935715764009
23277,-7.416775305138457,4.411902483116533,-9.097321455519221,1.8498903041698036,11.737538651351143,3.6114142560903506
56876,-197.21888276455698,2.96131334093634,145.01750265272196,1.4895655877590466,244.79657635378052,2.3316863137376775
102975,86.39252195881303,16.974143473532184,33.81674962787401,7.794027199434625,92.77521439370706,16.92681484966739
84132,-35.913168699879606,4.634772983638297,5.027487696735302,2.288206414580071,36.26336055313734,4.518058905785064
61100,18.707736076770793,5.66554532554669,-280.55834420800795,3.3618206852967196,281.1813718827355,3.3228873173021083
98819,31.580078613477024,0.9980656520224149,-48.531370769567914,0.5783417696974653,57.901600271552596,0.6713928923149259
42214,-12.651550111774442,1.4710409093812806,0.4260683660431521,0.8372666676560792,12.658722466476725,1.465875935461481
42220,12.073999574175822,2.470924736181257,123.94856523844102,3.567721239688642,124.53524918827307,3.5752565338319124
84171,-7.055993382505876,1.369697056498043,-3.5062903914803316,0.9012347491541887,7.879156993191214,1.3239529117557864
21251,-241.46348240140097,21.605792336756775,-54.01134238304069,6.556107364376871,247.4304719298529,22.245526718403166
48537,-8.748644636384522,2.573106178658468,18.904490399394927,1.4390547877594306,20.830711467315624,1.5437820716443467
71618,25.438314464409817,7.8107889253676,9.089113414279064,4.661372972487091,27.013326811924323,7.726855032971225
48546,179.2778290172407,13.202667743347167,13.499744652080707,7.251537059886407,179.78538061479406,13.27689454623635
77933,191.32937481231738,6.876658640089892,-306.7304488394349,5.534570991755572,361.5114077194708,5.87267641001468
29700,-559.537774794889,64.95398022381389,-25.853343444406217,31.028766634430912,560.1347309261141,65.30809627445504
21280,70.7365898579522,31.251311152328842,-213.32866347329457,18.07351802024063,224.7504923332412,18.416332633286228
52774,129.44419048851682,30.06659529021831,155.20319903049779,21.963442585142513,202.09856862562816,26.223090199196935
71631,17.198447990946004,1.746887987636112,-130.2570320009061,0.8382835371915832,131.3875222347326,0.7973902728685518
117730,29.06777470903554,15.18851018996142,268.37258521090394,10.380068923891539,269.9421790297306,10.56629802799301
117734,-0.7764894098307344,6.66033047542527,-19.5714264287887,2.807379721584487,19.586823843111166,2.920062399377887
63253,271.6087150639365,7.688517065445051,88.79994537864947,5.748928865561643,285.75640744860607,7.596552415491991
2479,19.465227123132415,5.364078620082118,7.80263155372048,2.0830110485113904,20.970839900162424,5.395242342387003
63267,-687.4918906228446,16.607170122643442,-430.5437182866427,8.559646420085667,811.1800003872514,15.744072446672652
69562,174.48736699287622,6.168405548141198,205.91928623453632,3.8435446954205554,269.90478632926755,5.212163571396166
6702,-7.18986619113481,2.0367067023640666,-2.78690284880164,1.0710428830039551,7.711096117614024,2.0175275008999183
86346,142.87113897273787,48.87061762897069,-65.16243065721957,23.287657861213937,157.0296300719209,42.70069496692186
23418,30.40601780683481,3.903385454649625,-66.01599137665879,2.0585790666263883,72.68175174218521,2.206687028898456
6712,382.29766801687396,23.621222406323664,-101.06772346821722,10.28589042049704,395.43165237268,22.010963906564182
98921,17.43297651041684,0.6455435495792805,-39.513320767794745,0.3757504817847296,43.18809081345672,0.3990013651027809
105200,-127.73296847555373,2.42954165568267,-22.41803338320181,2.5963973021616016,129.68530933126988,2.4356667164963577
94751,104.58064899452604,2.174611435373104,-62.147552365180225,1.3650465703309194,121.65290957925782,1.9217840342001244
40239,-90.80188184171206,23.594757035334844,-96.31673048832451,9.014949769174605,132.3702924298227,20.27539190676532
23452,-123.4992978021158,1.2303912715043623,-39.99002499692093,0.8336860736510902,129.81247496627606,1.2174884359561886
17187,6.510526045415324,2.6256550494407707,-3.842451085955356,1.3529372700047086,7.559853155716108,2.2083720119447094
2552,-19.083256956766327,3.744011966650389,-280.0733636708012,2.0838667000842532,280.72274530923715,2.1387222756313298
67526,-0.723251622767077,3.119052448996195,16.73692176347825,2.3980383301636947,16.752541390088464,2.3949069472556985
34038,417.827610438265,169.66423588216546,-892.7623812260553,146.59484044805362,985.700046351306,150.32188213417916
94833,-325.3922683927799,16.90804447622148,-39.544482649488046,8.494276598897265,327.7863548682504,17.066027033601195
29873,-211.88900574465018,7.071403445872868,-9.5149705905364,4.6327268446769505,212.1025351588122,7.0861716121425635
71803,8.045793725459342,3.0854347026308617,-9.99956499434876,2.021761180612718,12.834566480752127,2.381128124016573
76010,-38.61778513265585,7.921821835013582,-282.37558788717143,7.407998152544838,285.0040455207218,7.420141438020075
109521,132.35715875663468,8.273654052878864,-115.49752936446453,4.620822332629368,175.66472828494722,6.44063063911455
50857,-20.319767569661014,6.806153335338323,-6.375352155222008,4.668342737678849,21.29643325038588,6.7402360596104876
34104,-16.163397274821637,10.13107552480816,-32.66317329330153,5.391876828457644,36.44363183125356,7.243721060794948
94894,163.07733978697837,19.161395128514915,-434.4868950856955,13.385427141962474,464.08305372336724,13.834989851103524
6880,-42.270556559169535,42.326030526033335,140.10290293743853,13.278773832730224,146.3407781970537,8.81813734135527
88622,67.53606253130252,1.390161514611257,18.42129589768063,0.7332403042125781,70.00331338430995,1.3948167176398272
59271,126.35365216757305,7.535086393955852,-34.612522613825796,3.571042118447235,131.008671994554,7.049854991990401
15247,53.82646040264812,2.53038283622952,-33.263825136909055,1.5973167544709013,63.27534987826388,2.2246627615382883
101184,561.7308551966266,26.225187846201408,-24.90693199651374,11.670169474911527,562.282766000713,26.02505271732086
109561,-135.05841133783156,37.725189805902254,95.90548119261648,22.57414178192735,165.64611615092647,31.758035505109863
50887,12.166934623144257,6.395502771131927,-21.97158820991397,6.911096325115658,25.115433235162342,6.78531360458016
4804,38.62410141048066,21.367579742673747,406.19638792344324,9.831815981950227,408.02858572876914,10.603293702044502
111685,-271.81050344409874,25.652948207860927,-48.76088501526143,14.596656601355651,276.1495495017255,25.796211825893643
4806,-33.37658561348734,18.537632593888436,-70.3246588563329,11.116169015657173,77.84313785089893,13.614800513176784
94931,-18.878017519728072,1.5082142133583247,-7.478753720175556,0.8354383984518295,20.30545007337192,1.4885583868446006
117972,-307.3145109189625,23.10991815786804,91.34608708897596,9.284742419573092,320.6030509022456,21.107113428998783
21543,182.67024508491028,30.227851427038253,-107.47376217299417,11.469574987482275,211.94109557846136,23.639032927994386
71898,9.417956601483407,1.2270949640268691,-0.8596789725401264,1.3098431788491836,9.457111318116782,1.2275491396313476
63510,38.04066097928585,3.7071595544038054,-52.21177573651423,0.8835011412652154,64.60001093886143,1.2168696676851798
99140,-39.532070915632836,4.599794307448189,-36.000813519137544,2.0427210325616474,53.46815131382738,4.0881312419579885
15300,-5.049265225078682,3.2532182296157113,8.564290913844507,2.0168501466119477,9.941939356591774,2.253791010383836
118004,226.04214610224477,11.59574344032227,6.325923717712545,4.4097030310386,226.13064614375224,11.653981246812195
29997,-53.15125158986946,15.064408317259295,-167.85204591961607,9.378834965195635,176.0663649450698,10.484792883265431
40470,-70.24719790083631,23.0086318307512,81.71693905192173,11.61469243112496,107.7605073342491,15.4391378839982
57271,92.24016859602206,1.2281341231683305,-68.37349925524467,0.6242898781676384,114.81804781056643,0.9680985825445141
115951,11.121610973706037,1.6982893143583506,20.014198806713946,0.8823737622563781,22.896689379146682,1.248205716358396
92919,-1.1321894765226075,0.6004599862373845,2.166653263954798,0.48798660329009996,2.4446348146409345,0.5091136550981841
95015,5.4682849617806975,2.980890288933485,-6.634620590257007,1.9036715047009392,8.597693341815534,2.2766014439709896
61481,-0.765178339884364,0.9518477435585984,-55.557077701580745,0.6034127532687066,55.56234678837197,0.6048814152980343
88745,-159.28723148791875,1.9208023064247368,-99.3699005805059,1.1036822051012571,187.7413094032995,1.8157554438624173
63584,-9.168873485705728,1.6669380066444657,6.355796775219149,0.8540716146804156,11.156361129183818,1.3432085316810112
27949,147.77438139564032,14.625529798586374,-114.86458969664483,8.009746206309034,187.1660806958428,11.674657960158545
90855,172.64145138076722,14.547404662583755,-232.95102550119438,11.750413189832932,289.9504285510127,12.665173184455666
30060,259.9646142268999,15.8460725510934,112.9288460193112,8.323580422107423,283.433457646401,15.58571939048341
80378,-325.9691045925477,10.842799168247005,56.727152583601615,5.372733913084873,330.86829251094844,10.483553169943216
38449,200.41249597796772,8.749857384965186,-3.671588825364292,4.55670712127913,200.4461252023133,8.730365249725075
21654,-252.1920853124615,9.175748187813296,67.63747174457582,3.295682167112896,261.1047212867783,8.403732118629309
105521,-43.05508281544913,3.9101245344136246,20.163435956183267,2.7819532381547174,47.54265774863967,3.6663650543007638
67808,-52.55716218798354,4.703216256725716,426.2292950057796,2.547747041527474,429.45741024969857,2.482092284187351
78317,70.87521871692904,14.698350157411483,36.4433878508652,7.265726671850718,79.69577872272231,14.295832228925715
4967,-123.83551418687436,2.566570626484467,57.52627821499696,1.5831181979887525,136.5448910036432,2.343797423636281
53175,-9.291031574768597,2.372245491370262,-4.699670784637957,1.4929959830321875,10.412020611165087,2.2905306201917277
19591,26.048236133770974,48.75070453142979,-247.20971662506705,29.18690692026096,248.5782665470307,28.787707808722836
84606,41.42427659044069,16.615853225766678,-61.820130556859084,8.985629497697705,74.41571899208147,10.693448111376645
111854,-80.30981168262035,1.944415491022655,-1.1223154494173184,1.121734118052273,80.31765337997584,1.9467191503128092
15439,149.43146662977327,4.260507650310493,123.90984612436148,3.075134406415032,194.12216047038004,3.9114538617201746
93017,-151.65992750083348,1.7283129820075176,-9.391654321933958,0.9781153634807342,151.95044185674737,1.7360956065492212
88848,-176.79153706271168,3.912740174688121,-149.6453069305165,2.642138975165601,231.62246320969098,3.5537570308604227
90946,-69.28314116330415,9.123046146744027,122.29654208552606,5.429575270652431,140.55816538192,6.057142640389795
103502,113.41341894164718,32.8127679985209,31.72628276623236,17.76729632234398,117.7674004731212,32.866030110024575
80474,-73.38384336907474,11.518592575203545,140.79909956790905,5.081399166270812,158.77523392126008,5.6270431545968504
101421,38.84694490220262,42.701501968232364,140.7531747747388,25.352525780214684,146.01555169708098,28.346248419119224
101425,-56.05052690154888,75.40964976807088,280.34377700694006,57.82269441258853,285.8921035503747,58.0867088519363
42723,-2.0682191444929696,3.026112362298568,8.472910028152308,1.4455570486202272,8.721681877643277,1.3825960931537498
97255,26.02289993383983,1.5141906766907414,31.188031862779656,0.8013512818832771,40.6187721680555,1.252842535318685
2945,184.29118001241332,30.137712060571832,-93.78667148573341,10.756080584777719,206.78292670996947,24.35971053410759
118212,24.21085041082283,14.914723659292177,108.32106802835155,7.419545994774887,110.99377935910645,8.658715059232081
109831,93.14560294851758,8.815536606644608,76.03899828426694,4.286064399107276,120.24155940737643,8.00200301549919
116132,27.29471243823431,0.5536571444994243,2.6496838353119023,0.2927405050897188,27.4230222899121,0.5576930537233854
63742,8.954585565264011,13.463301929569251,14.038563684134083,8.566388450098984,16.651302440323487,10.744910066896242
65846,-466.71638282629806,7.0655432337950295,-100.56203613866381,2.8877106733212097,477.42738202874114,7.188253304247454
9275,11.613962336703581,2.529146992596623,6.216504901905332,1.6297996004769526,13.173042714338337,2.429018300997239
40687,2.2106779279304094,2.893815563509635,-7.7769391269646,1.5090008105235677,8.085040450458587,1.4928312427987949
63762,-39.730627473022025,1.8434034994534545,2.5001454551315003,0.7506677408295773,39.809213590535386,1.8199210230812353
84736,233.01172469466403,17.38222756304841,254.5521996783405,12.799802418129982,345.0960535941604,15.40611323849461
13460,-202.8339914503724,3.2986913068685633,-97.75887274062812,2.413992754841772,225.16310818428508,3.199186041349363
51200,-157.99770031665847,3.9451588440271372,223.42471975766523,3.1188378814203848,273.6455347783769,3.3691510907619246
76372,380.7413765192342,30.992708916830452,-107.18303669652163,23.0329829003741,395.5403887711711,30.20670516420318
84745,-248.31855965782015,49.46907416920374,-240.2625471912101,25.863730937901927,345.52597391996864,43.19523788178467
38625,15.73723629976938,7.222182906786164,21.67696130757709,3.058406106596222,26.787147251713336,5.689511536750642
76382,-61.750252976200116,6.36958476235145,117.43144456143794,5.465794712393117,132.67719440209302,5.644065281678827
23932,2.41538741439371,0.7842731738963306,1.8876092998442295,0.5486342117009174,3.065479608555561,0.7231421474063229
74284,164.9708059842252,7.589001089999075,56.10928055255874,4.830737632337299,174.25159451554703,7.50735141530351
7236,-38.74342231715554,13.975881873148168,-402.19147223657126,7.304684778944494,404.05325529274745,7.6753812562117485
19762,41.73100742814811,33.92461073987704,-247.7446516555741,13.601193611092393,251.2347296949805,11.999462608199872
65911,59.144402329462395,8.546669968403288,108.39022305469604,4.471989524246528,123.47672161486989,6.257034281123838
91085,-9.381987443938748,2.9144410802859304,7.152070786402057,1.5762264765956853,11.797194790793702,2.328479952217157
21881,339.40081277313345,58.075428429029216,68.13372994596965,21.848155256695573,346.1720914045699,59.27773213392712
103655,-143.04888413287676,1.7151319620453789,63.29468645128149,0.9491240124610344,156.42634236159597,1.5460988936902564
5176,4.295790667581862,3.2831825303371165,51.74868371673661,1.6048646824559833,51.92667988495436,1.6923242967395262
109952,20.62116046295728,6.47131126786462,-17.50215615028487,4.5616143350224965,27.04732387405429,5.590723365802345
19808,-36.91507044318943,6.56082403425138,-30.54170029309199,2.647833360376936,47.91156314104867,5.993524542917018
36626,45.82966346885796,4.681825490625077,185.06172287770983,2.5102242118210882,190.65203730391931,2.881682119756791
999,126.91593638895245,11.502154041883754,-179.77629625116057,6.12269377736761,220.06174497915276,7.442378775325609
95319,-2.317007517164282,0.36462453959301955,-5.647412469268024,0.2513849320146409,6.104243723233841,0.2788327772328288
19822,136.32085440447082,14.482459412980013,46.02323614607823,6.684266403594964,143.88020576480497,14.535569743836062
82757,-15.164478369265092,3.9697280272246407,45.79932761279681,2.3211505612633623,48.244583260674986,2.3667320430117216
7320,502.31611575665505,39.81289786997741,286.74386324068183,18.80176633146263,578.3973748687351,38.37255833953392
5237,262.94059265173274,36.30031138674306,-71.41315948796792,13.247032058665512,272.4657677802817,33.23885776096866
32480,-3.3033540862214665,3.7562834087819863,-5.033626811535165,2.2037422410493743,6.0207596777119194,2.9576355635097866
47133,-5.2362491935311315,1.968429056900692,-3.9175987916063826,1.0805872428242909,6.539563128279382,1.8114443259618385
103744,-203.27108826707303,19.103729993862128,271.70701080717646,11.660249314963842,339.328506092623,13.840466505363015
59748,115.55170868502564,1.3641738393098675,11.504995632380762,0.882592548231735,116.1230481193554,1.3686540803487346
3169,-21.761208788688887,4.544066861718885,24.369817710517307,2.1479021284630626,32.67167310054313,2.979035850035545
26196,-90.5094241730292,1.9644565203027606,15.196773765333857,0.9163403755811833,91.77634660961431,1.8965522499990304
7372,346.22894953704093,13.79171449607822,152.68150861802928,5.752542936254096,378.39942993006764,13.729214657934593
105860,24.58008869663001,9.129709548728846,-20.522226913921486,5.421607417457254,32.02097059491923,7.377243135119881
3185,217.69875469016316,7.183055788742677,142.66861397378503,4.8381343090312114,260.28269478943224,6.756327888236083
59780,199.30371874870235,24.717325259303347,-116.71545625482453,12.397094251917828,230.9642180854725,20.68784341532815
26220,-636.4478141863215,230.0222217776867,285.21544456458804,130.2990679712107,697.4336312515493,207.8211347848496
26221,89.80311310186111,163.97844097882452,-87.87858009637192,76.30205720852254,125.64729986171653,112.87581955978193
17830,6.154025005585649,6.423413641307795,155.64037297429263,2.6140709325082545,155.7619906246267,2.731296331534052
5310,-155.8694989205705,16.412117011405826,17.998803921260432,10.448730878161939,156.90525050598438,16.223358918749902
84949,87.47719562719394,28.010616673253253,237.08109030386098,16.203567563320487,252.70477465704096,19.245389407208638
114294,69.08482116330497,6.639337428365679,234.66731329870336,4.342069281906246,244.62514271022434,4.721792638980214
107985,-6.936148902958589,2.3469570596490885,-3.4837786944595175,1.5790628656012407,7.761886084965671,2.2665803980683488
116384,-7.659443385370781,1.1676270661418802,10.317617068454764,0.6359877301003218,12.849914199906912,0.780957153937897
76598,72.32537870220432,6.766376721601597,13.665990543716624,3.725676216990872,73.60516083779875,6.809617114452742
1134,23.774318717364032,4.167481016220606,-33.91508123441686,1.2017424886262535,41.41800291674986,1.5989577942372128
72411,-186.42661850443451,48.99453399947762,-101.16766695238334,30.315730934984494,212.1079463942507,47.00758538659853
78709,376.00051053175866,2.8605467896776453,86.28488033393113,1.628091181730112,385.7738514912383,2.870036209469739
93408,-20.675756236660824,7.805710715909676,141.91135677782657,4.794010778905186,143.4096233817013,4.741018390784112
87118,320.09474600234495,28.74127030946987,-219.9678630423895,15.926659539143163,388.3896332161057,23.78666488353115
24205,3.994528984597181,1.990710668823182,-15.366313705777884,0.9655271418413315,15.877022980180014,0.931752463672784
15844,-7.038617606143755,1.7819591299497768,15.564926429566073,1.02351396911846,17.082419985567658,1.0921832187136216
108060,-182.55545846632626,8.278828952345028,-294.4797525281687,6.385923787612415,346.47484766560194,7.0774984096897855
1191,-93.1966664816158,13.16394757832413,-67.01287933735347,4.385763302869976,114.78826002848996,12.54227277876113
20019,-46.89177128512852,5.529668118558913,35.97128004587127,1.9002278831061972,59.099671762162096,3.771701387961193
43095,16.64130167909398,6.268389087971509,-8.595448739942535,4.615861764714213,18.73004699982346,5.864406996129474
80854,16.154051187982887,7.905290651923311,88.16576054816639,5.400979773437928,89.63344634019482,5.600420387780884
28443,-223.268443952101,33.89968704626346,-96.04391989737911,16.992184897746466,243.04985623128158,33.445404938802575
59893,471.15205827545236,13.643025539031862,-311.009024470423,6.378055021104919,564.5448390688197,10.849972067640966
13769,-122.8746705759285,10.860981691183103,-84.4246347691002,6.7965906311578905,149.08287502271654,10.131941289825358
66200,10.11788696123814,15.294905381904044,-1.9926912028121035,6.736388748851534,10.312247804923887,14.594729227137938
28473,-90.63672287628368,16.980644098608035,36.29034213813817,9.05745984908867,97.63198485258494,15.432938746400422
103922,-281.46183323267616,38.45681197088548,73.49086759305425,15.516408095584163,290.89804259616227,35.65476346493249
38969,36.36837602399346,3.196521582952136,227.47136156762812,2.1469440669298696,230.36032450935033,2.218308822720048
62039,2.3366871845155766,2.9130628389334823,6.580342247853291,1.082928038589272,6.982908498409687,1.7458046769031146
1260,-154.63324401426325,31.28500732997542,-15.984816064432891,12.031521119241136,155.45724331464402,31.74663190684786
83020,8.375555541883601,0.6662560144450173,4.078465965970872,0.472447416733992,9.315783127078465,0.6452767836667418
26412,-75.1403559731167,3.016383300757244,503.41414888717895,2.5217379696389752,508.99103960243684,2.526487486394256
51579,56.097724306401155,3.039671874876486,21.40689111819788,1.6485157850664756,60.043398135876444,3.009193170401423
9677,-334.7669798735006,30.158695880789345,-52.95798275711535,16.754524631519633,338.9299024154223,30.363192611178413
36917,39.34137674562186,19.694133652326517,231.910483838463,13.07217004562166,235.22375823549575,13.571360139087272
22203,-2.218117227980742,4.234598348937129,24.602641496049433,1.5433907336699848,24.70242928580504,1.3637153889123896
3391,3.504921665669002,1.8137076523916136,4.716609237136209,0.9523830037660593,5.876298033482865,1.4525098624339117
116559,153.51775399684723,6.302262051356697,-236.79209162269797,2.3934410277464164,282.2024015618731,2.9686929112138407
22207,-651.3791175610418,49.76829641078491,-150.4447950693484,14.000533705625966,668.5270309853295,51.39931371855035
1294,-47.361882627154756,4.3540859888601,46.05160360764992,2.4660750297975964,66.05980715097871,3.3043582122486024
1295,8.021638254587682,3.744967015274539,11.24000042196127,2.658979423976803,13.808848242092967,3.1582695327664423
93528,-10.395948396534022,1.978814759245719,-5.226708359797357,1.6679528963971093,11.635902343255287,1.9302214737575771
103983,249.5882086353918,28.4744435760014,118.21692466710242,17.69052568732853,276.1693595741049,27.650702312424258
1306,-95.43989471101446,58.72084755387707,-173.5977233124073,42.13399774251403,198.10336453907252,47.746164126850644
22221,-17.765574202183934,6.744536519294577,363.5590734283078,3.235316912631502,363.992878362727,3.1544212394673763
70483,186.72020026548287,18.197672399680396,-158.19067757908653,12.581419073251753,244.721726988252,15.600263088320391
9724,-144.5505055874821,1.2952664471805968,24.67726649760033,0.5628742876481259,146.6417953633625,1.2450690469611243
9727,408.5138004443703,34.103633876692186,-503.7136373384227,23.560854704963653,648.5452594801744,27.23870219944728
22265,-16.53510222794247,4.858126914137952,-66.65977883284977,1.519179210971269,68.67995136670493,2.4793713516858777
51658,-5.025411515728536,7.011225126518691,18.817003860870948,4.352171987629313,19.476508804260817,4.380692649320219
53776,98.30846770420705,26.62556366647946,75.48680762901795,15.769398980969607,123.9468149988917,24.395487401399514
97792,-47.936777036826186,26.568963074339774,-163.04038200077412,17.932850222903085,169.94146273242657,19.2963906977557
39095,118.34504244496871,19.894539708998977,-156.89091449841467,10.58215341450482,196.520503061259,13.16104204714343
60074,-2.02041529035259,1.1429744392721966,-3.6167540187451346,0.5936009963001605,4.142823623761893,0.8412905439128454
104071,8.353138563339137,2.967736107170134,7.387150927216802,1.5945121328067804,11.151005456003663,2.6445796922356064
95703,-63.13072136800136,3.1983660653073867,49.55638646241164,1.7840553138160724,80.25785581272477,2.5634699979357567
85229,-1121.2017613326962,66.34128240284066,2045.2570564073935,53.13943930967879,2332.4171617443944,55.81061951982601
16042,166.23320864147925,16.875597841832057,101.63271995707153,7.3225619275641405,194.84016377819563,16.201924705747498
93621,178.24239871511367,17.704445860659042,34.76491055556266,11.40299978792829,181.60107848152725,17.725307249130655
3493,-32.34591337677777,22.188622457360093,83.92924943162016,12.234236035324145,89.94652312531666,12.678306855638827
58001,8.35814022997867,52.39094688614545,-72.72715184676444,23.8608418618688,73.20585443696645,22.480496016004103
95740,6.070612261875387,2.458806628934576,-3.4131236912941745,1.2392669774534586,6.964319533601641,2.080179708412579
76901,-17.805721780293318,7.448811023338691,-17.83817660511171,3.1620842691394753,25.204052704126106,6.472121975643496
3541,2.9134042266812137,19.478579238421858,-52.158371503480495,9.716976664362853,52.23967498064216,9.486836535192031
66411,-700.9225774208695,5.484663758241975,157.16612438483983,2.60058994874511,718.3269799975953,5.214349613285834
81092,-39.83850691092332,16.239637407072347,209.02728526226355,8.177003724303567,212.78983203387182,7.8618345186093626
1444,28.420134003622543,2.1006250723892097,2.0711549648053245,0.565345463222537,28.49550314825306,2.1358536550664557
70623,41.11262535491844,3.7027285885954155,27.00634142491194,1.9544320874046253,49.18933259084532,3.4830304301953094
85294,-177.70916470518512,2.568116634583345,143.77476931824404,1.9132840002186322,228.58637648103377,2.285740135626357
43352,317.58849858190194,17.802865218740134,-4.478170658090136,10.511197046481303,317.62006933433804,17.780647193801467
22380,38.160927491395775,2.5366919735599454,-9.59653518684977,1.03853665442012,39.34907717591369,2.3633381523151455
18204,-81.4600832331843,6.2028090633211574,-7.984094956773992,1.873026518912938,81.8504180358054,6.321557438418292
76952,232.73436989175678,24.01557430263211,-173.06236715073405,15.370566592812212,290.0273605243625,20.487174130185753
106255,160.6472921545831,4.950340052802537,3.305407602571548,2.8330225160276075,160.68129385842994,4.9589408817044465
18217,21.94811771121536,3.659102281121769,-0.9425126394744251,2.046149455844281,21.96834543475986,3.6415073810473655
66454,-163.22749255652266,31.43307352553586,57.74900808529969,14.180187332198223,173.1420291585081,28.405918197235277
99987,-26.811066135456493,6.6290478328644715,-369.8073698362428,3.5608854514277604,370.77799833932903,3.677267922930214
116758,41.903960954038055,19.871805026402097,-39.73916134743505,9.540588322340765,57.75069599784077,14.061122305473505
49699,-5.276083690298695,0.7287649258597243,-6.209901217243252,0.5624265756890945,8.148615356915254,0.6480870884753102
26640,-92.78297973552914,48.12359283699003,-43.59878440245696,22.211657164742995,102.5160247472342,47.37806486459553
70680,-93.45044825426885,6.497223337593828,-23.65641670987845,3.7167674147235674,96.39819671796354,6.507134184712745
7803,203.252545456305,16.148399453135657,-379.506488728844,9.41014945456149,430.50757510381106,10.394324107634066
81170,-23.57347250780403,5.3019004179134255,-0.04645506753192349,2.351177641073561,23.573518281102885,5.303509994910827
114714,61.04865244627874,5.909829104975512,-7.344615900664747,3.8240286282196236,61.488871743062845,5.84127317604985
18274,326.7085185407784,10.361272001982933,724.3803291075784,7.1971774515992255,794.6479203302011,8.058683354808139
102141,28.711803654404385,1.317714779659217,-91.0819289379863,0.7211530669770653,95.50018559224614,0.7266060058044472
26676,-195.69207602752306,6.641360755845971,138.8101727240875,3.3462042158512784,239.92426444954015,5.28844481765946
14101,-16.380135626324883,2.5949187741128275,21.600233468289392,2.0390518289169406,27.108650446331826,2.2247322221023214
64426,-57.245860342187704,18.408234641751175,45.52669556337829,3.916761733750112,73.14211191398418,10.545803744693757
110526,-110.12307397139091,2.0988210556640854,-85.1358291729384,2.466120028545273,139.19483047107812,2.257779864395534
3662,13.131612426573577,8.872757373111671,59.21471695063685,7.808061584565662,60.653292972977,7.876414200133193
20387,-683.6600698310649,181.11038044634202,51.96564719185029,83.39580654150011,685.6322042972342,178.69220394867483
20390,-17.053808939491322,12.018907156656212,-68.50114346285844,6.057912281717712,70.59206085009693,7.163599627872898
62345,23.18413445227817,1.6868611038259855,-33.95528069107881,0.8225346080727601,41.11526695901732,1.0091128525779856
43465,-241.8357576638204,82.12274742074202,207.5143917116954,44.03964629746889,318.6640181324353,63.1658118993094
116838,-2.3308794040654637,2.972499171076262,-34.39280722983897,0.9289214730805693,34.471701262704755,1.0867773187483418
89620,-33.90891382505961,1.9128672718979314,-61.575090399501505,1.0484688995110905,70.29442505990144,1.4179754504300413
30920,42.00949750927893,4.6032064741599,-212.2990701299743,2.5504105124036553,216.415556416432,2.5010987354254954
98001,-483.96200097973104,67.31815720102533,-363.173842536966,41.768579549634204,605.0739279587001,61.9761155991095
22505,-71.45624398107486,9.169475293603147,56.7426889529918,3.0154649828757343,91.24542483598219,6.052849431534805
70765,-3.6170301386149193,11.00551931211364,218.7590134214589,6.229406719326624,218.78891393339308,6.200882231186932
108473,-21.248114129225257,3.7942986265027927,120.83211158845324,2.754485044237179,122.68610982899816,2.7580814764508856
1602,173.94179212999106,28.72227849641692,-345.54683244895836,21.173269370884938,386.85702845483047,22.3957208665639
7918,40.2006046486256,3.163729608526189,-47.028574575556526,2.338892783500299,61.86901842379415,2.6553067272554385
102222,320.96866605920286,17.154690511439526,-108.36938637159844,6.66233566766874,338.769550719041,15.340965141231344
72896,168.55935139428067,4.3860142246116185,-70.25962859381299,2.524313599317461,182.61618316184666,4.012724516922561
18370,-426.51182008420545,124.26047282036104,581.2800144379341,67.33092157847796,720.9707260745796,82.49123135317421
68722,-105.76662848953777,15.213716541650829,-366.52745459986176,11.642657012364278,381.48257453977845,12.096305892630433
114834,-64.33047724391572,6.579823617545493,-53.2505580894635,3.825298312457167,83.51067140952277,5.947053953525795
104353,306.3927388595687,16.969791899871957,-91.58882914169288,8.52378310558942,319.7890305332784,15.834678552070907
14232,-243.30408462502504,5.887385960867899,-32.996419719718844,2.827376251190249,245.53134486159033,5.952028848793958
72944,7.523682899399383,0.5787364386141777,9.813293471088404,0.4139047435803266,12.365538124983523,0.4949824043901332
33109,16.852771022354492,2.0332015181904945,69.38122289805582,1.151730140782928,71.39866932906816,1.28884122194761
14239,17.062463003219225,6.992005040044012,62.10786820002215,4.393339733553576,64.40896627091253,4.806531977522424
68756,-83.17809263154014,40.47949803114339,-136.1143403045354,19.7251243267851,159.51711108956286,30.339271081871715
77163,89.45251958883718,12.822307303342477,-78.83260733951151,9.700553157916433,119.232265938113,11.350841884045748
102295,-16.434345186821258,8.313811285034195,78.77512778834185,5.1502533811242825,80.47116539350715,5.12843193829847
39417,-7.6007137883325955,3.7456797218791884,14.936988973342386,1.4139459186009766,16.7596088761612,1.5086733538341146
33142,-144.58241537407744,5.2048516386276065,42.21423977527311,2.8852114892071423,150.61911191879508,4.9161718875615685
12184,-100.17971176829508,2.355097486583773,29.47222018340688,1.5547511502116138,104.42502771135804,2.2635783800114524
83458,233.26486267792973,33.803564965450896,-151.85909876884972,19.11358663631108,278.340945674618,28.506531119768177
85576,-36.330330628451456,17.74283153659196,65.29446783055893,10.364811527553984,74.72121822379835,11.546690554360914
3850,22.99467009999188,4.144481705067912,-12.993637619629151,2.7925744837858533,26.411919119929593,3.7582106473990007
102357,128.50254248069965,23.786534663135352,195.9461730943765,12.307069437774485,234.32414765519871,18.34397265502639
20591,-53.18076836196919,5.698884578551318,-323.24156850169993,2.3643719850640186,327.58709640492344,2.8425287417899407
49969,63.8022368785924,5.078787793631196,26.640714048313278,2.965128554304937,69.14082061789557,4.985815931612581
20605,1029.5340703794986,221.67008450534422,76.78933739125986,71.70603987864247,1032.393822341633,224.86070526025722
70950,11.132642188298012,0.6216305994162056,39.01176047313346,0.5809391476818653,40.56911605280315,0.5844758870106429
39506,21.426289466903118,3.188515094341101,-25.50138175645263,1.2457129159643408,33.30775212781341,1.8049185293464045
114984,109.91360791516108,24.839635368556714,51.27305034436864,10.687066839616547,121.28448745220439,24.57408180271884
85653,-22.287632383114765,0.9831961640163267,11.247340358947199,0.5130696041689725,24.96479966662798,0.8573201243905387
8109,62.40023750579588,2.3712086687343774,148.31423642801104,1.3078329622451965,160.90650194446368,1.6440775678553152
39522,-16.684347340149195,19.509673570098162,-123.67525977586237,7.843980278490327,124.79558216056282,9.233762761681067
85667,-35.512613939940515,20.713133241851683,159.6253569936116,12.531900785470071,163.52798030974762,12.477461235343222
115004,-292.7812954866814,4.691159420327981,-261.14958309175944,2.130930130523873,392.32638419542883,4.186185217495806
79399,166.641859804939,16.930961388081883,-130.8027204812984,7.7986539011239575,211.84631487131801,12.651247688755348
108706,3.611552118178404,0.8797708482143849,-0.9091049877410754,0.5820911783749249,3.724215431611686,0.8526953617217389
3937,-21.82735713863777,2.692106287921305,23.108205547812332,1.6467685863053787,31.78714651077674,2.0748458175609077
20674,381.86980976892454,101.93512269093932,212.5415996549814,40.25582760757219,437.0337323329322,99.66494216500266
20679,-476.9411875445006,49.913783533952156,314.24297556273063,23.649623881944862,571.15807274946,39.870041139385215
8159,6.254521410926237,1.3876261726078656,3.1635219482191896,0.9198266162539483,7.009059080689736,1.339309530125751
79431,3.8041294093858204,1.9640913188007647,-6.815934107513952,0.9305687932400843,7.805661939984726,1.0592265128870715
87813,95.1218212618115,9.740662977936797,-45.53639994658413,5.2335729621307046,105.45958752175775,8.624729114740335
77344,23.538001294762353,5.341926814775774,190.96845510737927,3.140741474928941,192.41358671115552,3.2759642106664195
73156,20.50820593824191,8.836078233600572,-66.67332353178143,6.538311071954171,69.75613651557073,6.657278136349667
29150,-69.97616705014742,5.6629998562858805,45.65386263978325,6.076018653100954,83.55201451169405,5.782653688135459
79472,-439.73160550685327,4.8161937725142066,123.13167104880807,2.8844273629550017,456.6456977755366,4.598387925470081
73184,-3.686728190466863,0.5960515963964365,2.735384338676917,0.31708013220994574,4.590674485373802,0.47706675807032106
20741,-21.4050002471617,5.3661687997759735,-57.076743523563096,1.5101081107105696,60.95841768644913,3.230864261687537
117186,-13.7985949466285,6.626203079022939,-35.76927850987718,2.2225252776997,38.338525110106715,4.061921140939816
106701,296.13021992989206,56.772323977054775,-197.49238100099478,32.3309848778343,355.9443042235236,47.71699398181926
24957,-1167.1237178218803,327.11622422740624,-487.07488044570795,144.98993440543416,1264.681664239491,325.6388729728212
66908,9.019256787672688,5.940329329045144,-23.546387124901376,4.454288998336039,25.214665170049376,4.591234977284897
4041,275.81212859591716,8.23881647524028,233.2394668661307,3.7315723771741696,361.21043615129344,7.443033472620317
20777,-106.43852068177702,65.23078007026277,-248.62102404524555,36.22423306328759,270.4469860845775,45.52404805927973
39667,21.996785267479893,10.91940798462067,167.79083724607347,5.747542268718852,169.22654527538504,6.159383310578435
20782,-147.259310148293,60.52443032342407,-131.28563818148447,34.85422248335302,197.28462489020984,53.90991297278251
43853,27.064534459869822,4.095796877092463,-23.415636062955308,1.6644800424306445,35.78800130996776,2.8027084618247637
50156,151.66242339279856,3.744997131553885,-216.56433124339,2.7954023935052215,264.3891076354569,3.0715226956696062
71142,643.967748628038,120.05451689336411,405.40527248702443,72.3898081652085,760.9519670999888,113.28657465268262
20812,255.72730551259494,12.260377391541025,-234.22101734268347,6.049807972032701,346.77938195598324,8.90107295351401
18719,76.81558380208963,15.245165180743477,346.873690323829,7.147052548117742,355.2773437101323,8.567446657351582
117258,87.37970072187561,3.6820612767927647,284.65202093854316,2.160637590772506,297.7616246641621,2.4664188279071086
41802,88.36360067095649,3.3231791029901663,-52.90015285324499,1.8990303507483484,102.98811628257381,2.861369919451395
102595,62.62587282446283,5.3719117858044525,61.33097854655083,2.7069868072576524,87.65551252775418,4.676283349396629
10386,46.81965851824728,13.321298373973665,-23.219723880038583,7.356231462601344,52.26122846652687,11.787520164203494
22919,-74.84639063044722,1.772762190470615,-52.79895040379377,0.6975059424367976,91.59536753650684,1.6747205128972527
22925,44.263587033465036,10.457629982834304,7.698409375745805,4.429378714508963,44.92806076368871,10.623645318373839
12489,23.66559286253205,14.860474055201788,-42.03074861513918,9.522808663718394,48.23529946713457,10.48011144215882
41820,-168.0760682385046,8.78126210428732,443.09187778926776,6.18915281402568,473.89869896142767,6.3999003030763895
106783,11.486848033644598,9.186891777450201,1.506220841347113,4.938805373851847,11.585179280915474,9.258022850165016
92161,339.99044147764903,7.619818343403665,2.195841144660741,4.478525493819554,339.9975323653089,7.623894987103043
41824,25.058962887351036,2.1868692217697494,-53.12618057510278,1.1417698301970096,58.73961766549102,1.2309883677270388
71193,1.9928399712509106,1.0856761530465115,5.790241159964959,0.9887145608240244,6.1235858646358245,1.0008754636051984
83770,64.23868018525648,2.231307762740941,-71.00592408082815,1.0194920681311022,95.75201975162715,1.442860286806377
102626,420.5013757786436,16.262171301056085,1.541211067797687,7.737338734579661,420.504200173182,16.27027418049381
10416,-2.639174826715921,1.2831197679107078,-5.089832659577454,0.9091449165033042,5.733379480591906,1.0283079129679245
106811,13.43642124924032,1.0270443853429374,27.362336010102002,1.9085498811816477,30.483353619914617,1.856674699242068
102642,-56.4224817029028,1.700652265743763,115.9505690977024,0.9789358434448306,128.94972243318503,1.0600152965104574
43948,33.31424484984121,13.747705078370256,116.21106026818356,6.678025422631074,120.89189153359527,8.294680475704222
25082,105.0318714580511,10.606088976667142,36.20093456554787,4.921962788746244,111.09546203783324,10.633471716248314
29310,570.6078452088608,88.78364348009183,-213.81967760174817,46.13096841414884,609.3538935164153,81.09391930402742
18806,-13.707920377530689,6.933137300280979,9.487230611081488,2.3410877521359406,16.670771600155845,4.940444137502923
115250,38.71845228637302,16.337907924239357,-2.925822528472638,7.4644776106745505,38.828842178466545,16.11868019097949
96395,82.86441283477507,0.7892330018671483,-30.074126770804625,0.4412156607454538,88.15307150337112,0.7308955032206051
94620,-0.8540771685106162,4.964639279287929,-2.279100791947948,3.4169222247557056,2.433875146680469,3.7496520482186857
58876,1.0945976599910114,1.6721820172176032,0.27563397689420965,0.9547713757752736,1.128768411356517,1.6750196033675115
50473,4.230922439292453,1.6328921303893928,-0.6445764075175415,0.9702478132988784,4.2797410473574935,1.6005716978984168
50478,-2.3829494863991947,7.356052880989992,-0.686747713975113,4.819742396120933,2.4799336034217188,7.3112976520082205
79931,83.26326556037147,88.20332604026272,-33.6993249214719,35.585920086120154,89.82436135002507,76.81291294885034
88349,-0.25598050783890824,4.487409463044224,2.648949790244121,2.7483022925883356,2.6612893513535574,2.7166194121634377
75729,4.77870518458464,7.229453910804011,1.1849443303542533,3.4685499846996968,4.923425261666395,7.296478756297273
94645,0.8457775670043636,2.1325805480000373,-0.23415683881716728,1.2468332056007114,0.8775927973796672,2.032992849579108
27384,-9.491269162386503,4.443152380211724,0.7256909043771788,2.8309957005565125,9.518971457125227,4.41314859703094
50496,-6.371957618572087,6.413535765828077,-7.6829486719497755,4.218205623517992,9.981460022897135,5.447311919621051
10559,-81.10592924342652,26.39353983780768,22.327737632519366,13.545379136979124,84.12312182881904,24.864182748035166
42090,-3.732552175539361,10.226407527946368,-2.119309908712565,4.202743902934463,4.292251184668818,9.94833478997679
61020,-16.280588603106864,7.708689205713958,5.159945655226637,4.524859947397534,17.078717880113405,7.276611230224128
113579,-2.9418173351320527,2.026187804303509,0.7509324513199788,0.9244357183661556,3.0361470286744816,1.901493472688602
77858,-2.709456843068621,26.43416742214186,26.23604400165748,12.208426159083597,26.375578879739468,11.583082588320838
23155,-1.5306255188108424,3.388512142699868,-0.5439137393655538,1.5307147880694805,1.6243942362325654,3.397989722112692
65224,5.7534881394344435,5.013189853236757,-4.046095376683205,2.564969016215383,7.033741079100794,4.0215098407868295
29510,-0.49343889439717137,9.012167651924422,-7.136718986573802,4.689812279661199,7.153757043388244,4.854040598403058
61028,2.7301934205178617,2.6677530677040373,-1.3010667864001697,1.6088429858537496,3.0243562779726676,2.417304193359683
18946,-7.503434875665685,4.215840453316894,3.6889966974719735,1.498436033806637,8.361233854361164,3.4390280370290065
100970,-1.9169493573261815,1.522349170513833,4.135303712463364,0.9295990020889777,4.558007419132459,0.9935603705128554
109378,0.35939811023569707,0.9751704957422482,-0.39845393375192334,0.5835724913438917,0.5365934578089565,0.7335633988208131
18955,2.2324003805902968,10.016559473825303,-0.03386518543136968,3.6128053977719743,2.2326572307553176,9.984459927819195
98872,-4.638952306154945,7.352846170658995,4.1840210509878375,2.9490803674968613,6.247072166534467,4.9059746690759845
115692,37.33213797613143,18.829722541691257,13.658831909300885,8.7237503748121,39.75238628051718,18.831877896567143
6379,-0.09148624252321708,0.5238475465981787,0.033779496887206065,0.2779933911863586,0.09752326379366955,0.48075423930825656
90485,-8.508335351083831,3.5827111220855694,-0.422533003645203,1.87208958548864,8.518820610018283,3.5996979091092185
42112,-48.71379461788944,3.60956065520322,34.53442502448515,1.3604595502531769,59.7131501249574,2.6274549191565066
79977,-4.238257344412561,8.634694064875857,0.13978678296490543,4.113411330751644,4.24056195122282,8.591962638807367
75761,-1.8658303521172563,6.535660196899841,-1.573841617697468,4.894260816981964,2.4409629944918434,6.020244771463727
54745,-1.552908469401754,1.1982933321291775,-0.659175250251024,0.6404277727313459,1.6870200724600755,1.179506837951379
109388,0.3742372921081479,0.5179680721255985,0.24669503758913647,0.3222531324842722,0.4482320742378268,0.4858812402032246
111497,8.382249376906453,22.378476373807167,15.112943817325993,13.1650541125578,17.281874187781273,16.922324891642422
14791,2.280361428439214,1.865193455427499,-9.94532553699913,1.9883299948634334,10.203408659913626,1.9815278084926857
8497,-5.384939361832256,10.140837592567474,-17.530478217595263,4.832527387441406,18.338899598072736,6.173801633459022
88395,-0.5691113323613567,4.877871656595381,1.1258622345808855,3.956093210426871,1.2615282318987489,4.1189576722409855
84183,-3.821510350049368,7.490188428057911,11.343447177322172,4.0690637885054715,11.969867802955585,4.128796500963016
117809,-1.519562255598558,3.120673029728945,-1.477111966102964,1.4274735182677174,2.119181259129181,2.72582011664576
48423,1.1724321400646394,1.251918903838378,-0.8968960508165423,0.6910755531521381,1.476150279960296,1.0065886507593391
115712,24.053477276515835,15.277252597255533,25.24396444603185,8.41951494886083,34.868718216252,13.103668426784829
79992,7.739411568362036,44.08060842204274,104.30203600155882,24.793382675405617,104.5887814514299,25.484064271034708
35842,4.1443469765299925,8.49084243217903,-12.580893013776615,4.488680561723858,13.245923179830333,4.5247686909758205
21086,0.6910539030728456,0.9312749927520942,0.3668135465457179,0.5948043060147976,0.7823731046512664,0.8951451102488586
50548,-4.575874574015318,36.494601794496525,28.414130247942243,28.222234583654256,28.780226299738267,28.271647627063516
77900,-8.360938094176086,16.685487912297198,-9.678285368958516,6.582033489330762,12.78962444709153,13.93866867903457
84195,0.6054839837843027,0.5732844338609391,-0.31256337385690663,0.42627000894437633,0.6814005556910869,0.5375179867691261
4297,-1.7019834566194294,7.854564382883909,-0.2540023756632758,3.219388386926735,1.7208326163368735,7.98200354675412
33750,27.858366265435016,11.56848908396102,-21.165400623838885,7.198315969470098,34.98660821724117,9.727034494251187
80003,-146.002383261896,50.903119682315904,-69.16104730833688,32.044360710292025,161.5547782733138,49.417028698710716
37943,-24.32873144169217,21.00514888981963,-19.52008211104182,8.178045486673032,31.191678043731407,19.362951094592066
92614,-21.69643584281718,16.588542596376847,10.837473043064508,10.197718879480963,24.252549355493166,14.988976203718623
69475,7.009130099211717,8.09338544634651,-10.630291302053028,4.817314526005013,12.733067105539808,5.575893857405301
4303,-5.469754301362177,9.905513451669382,-8.351650543373184,5.321482341145434,9.983400168073782,7.674767094288732
12711,-54.17971835571855,56.10668737023939,-33.5393415167284,18.0705119947007,63.720713355083575,54.897918543120724
58968,1.3376541882465336,4.04223372339863,-0.68846559086344,1.6644027467528781,1.5044279966606704,3.3462368949160655
98912,-28.478920549270452,11.32049797357656,-16.95842372372275,5.686102593991177,33.145694303257265,10.817864071779706
8525,152.44705676277508,27.800965008850742,161.55351333475218,14.235615740444056,222.12528623827302,23.72981297732149
111534,9.318524701921053,8.276968374004955,-25.95132918321887,4.027181186926745,27.573653892730654,4.055335874827873
42146,-2.168874101412881,10.7016707612701,-6.994891900474558,5.869136181698223,7.3234232137098365,6.933709280273742
111538,-4.749880343154599,22.089104560612885,10.398307658559727,16.514938131426486,11.431804994678151,17.267002867602592
21109,-17.750724314948595,13.290731344575395,-9.80656524989079,4.631159219285773,20.27947079451712,13.118414381882076
10626,5.947626277861645,3.7313097833640763,-1.896842126039308,2.038068545869267,6.242777297984262,3.4915356627877565
31671,-5.491819104227504,4.815422283967461,2.3707761483118404,2.8359691226137076,5.981693457455214,4.40265739067684
16924,1.6317638501801248,6.836989183652688,-2.4745035757532206,3.2403520183597747,2.9640885967140287,3.9419770144756514
105232,-3.095764171814781,2.831292545610415,3.026173960688327,1.7120240264326057,4.329143639086157,2.214768700950704
94734,0.18306906894299027,13.255369652915755,-23.47611340442908,7.179098555035672,23.47682718898826,7.159546736279761
107336,16.356092961686127,7.133219684037755,1.8182159998485259,4.445858860221844,16.45684314786477,7.162122952203334
37980,3.8874316024778603,8.641297147265066,-4.615008848970289,3.329910352723817,6.03410566198651,4.855753532412752
75829,-0.4244813174846959,1.0732877481640446,-0.4522571179819804,0.5233303666944085,0.620258727998978,0.914354295648032
56920,8.219735320698074,4.285182539726372,0.9196823515024436,2.5334833491116426,8.271025593600623,4.3074570863914055
2225,-100.32189760535927,12.035350792416097,-130.78713472304986,4.573874831221318,164.83251423249413,9.680564195654439
107350,-0.29598223121735,1.220897235776997,-0.6516316411865203,0.718966105710301,0.7157019470365011,0.8822132206919965
14862,-7.271120700522145,10.025892935790134,1.6578754049806006,5.2390751781481795,7.4577306937165035,9.588596038784518
77960,4.5896150320692,8.812973279691187,-4.85717586925938,3.619942323853976,6.6825686354508305,5.486062334309379
96867,52.44840092930056,32.812123983498985,15.053871895440627,17.47655457334999,54.566050059400425,32.86794646139046
29606,-7.614618709130237,9.270660349509006,-13.7061290753083,5.0114376221899635,15.679298208607674,6.867536968890116
56936,-0.7338448033720705,1.1701568092954369,-1.8648748736263274,0.9046855848120505,2.004067486318513,0.9572492256378868
75848,2.1541931630967084,5.213639952805111,-2.294449384227681,3.692339165414341,3.1472283299302237,4.338904075662322
10670,1.7105606191035292,15.242024006031484,6.267589074424446,8.509197697953182,6.4968215642322,9.747111201432771
109472,-32.19451790383289,36.852675732448354,30.060151786518478,21.55640327409353,44.04656295885919,28.72770441067169
101070,-6.105381635942086,2.793143158990056,0.5455124466528012,1.6327836725866725,6.129703806053926,2.7643486427733612
86375,7.449941146557108,3.25005432130823,1.3226056422548975,1.802433260460021,7.566433028322468,3.2710921212857316
82162,30.692131696029094,16.96958335950412,-6.828237863848463,7.886722060138909,31.44251549052155,16.11927860986169
21159,32.31074529017904,36.21289781519708,-3.1030428553323337,12.115995772620641,32.45940751413765,35.29129420237593
84260,-16.255146978091858,51.19379178290486,-6.873078481827253,25.747554204909555,17.648484668569303,50.55811226539765
84262,-5.699278266342201,6.383904732017828,-11.045862927751573,4.9146557548381535,12.429515701582147,5.340755657176996
10679,6.27744991878627,4.876640984106039,-8.379448571005314,3.4930030825180722,10.470030364664314,3.930059129033797
98978,29.835587242415478,1.919711420076913,5.905432969384404,1.0182261825683925,30.414411134455282,1.9339682275283623
73765,-0.9971041167408594,1.4497209479933775,-0.10148430835643503,0.8855521504966977,1.0022552990451852,1.4561063425750318
12777,-3.559336845367362,5.39498042073153,-1.4552138087275215,2.3071694693224747,3.8453252148421653,5.388845230660775
90586,-2.5914339991879682,1.8016936895876745,-1.941847713789761,0.9692121205957243,3.2382561226218454,1.658068905651277
80076,-3.994650530232838,4.124282013277967,-5.575472779856652,2.9001034965185477,6.8587994268393615,3.469431519913568
105282,3.5537567748594308,24.884539323093577,-23.38074061779135,15.090740179137715,23.649275233108042,14.910436778096917
115806,24.049966915114233,11.924419908769922,-5.0608147901058995,5.975660847513637,24.57667094945619,11.425661662523773
90593,-1.5964664772625499,2.8581299826630415,4.697827492781211,1.9749336881005433,4.961682009657016,2.0259921513632593
44325,-14.384588619304724,15.592039859460964,6.233820740717544,9.599925810967385,15.67727370348656,14.357718176386243
113709,9.048184775545755,12.988198341092433,-6.268629993573078,6.0570771025115455,11.007514239315885,10.16825830166484
71662,-5.985093344171031,11.895101695643618,22.126413216359552,9.357555771071043,22.92159471240016,9.466663782767652
69564,-1.074549599895713,1.9434415638029308,2.5780458867966556,1.1831336910192771,2.7930229925772525,1.2435348658958454
54869,23.54545323113449,8.969545664414674,-16.219124609494546,6.173160590954637,28.591054037195853,7.948129383278486
19082,2.0504839823564005,3.7776674467318707,0.8596850054217773,1.9415108938704195,2.2234079406279013,3.728676597690612
92708,-8.588649841079533,21.209084903040146,-19.09689521409758,18.242107644102774,20.939348435682007,18.86159693243706
48541,0.052542730149536795,5.005075245688269,-6.601295432303782,2.7715655495914215,6.601504534804649,2.764592584163572
184,3.661095754370903,2.3185540614827733,-1.9940697480900944,0.909091790343542,4.168925075234712,1.870939095483614
50658,0.5964923335744531,6.28997043584277,11.915257232374103,4.514194243814455,11.930178457075002,4.536890887519789
61174,4.086125835258571,15.21200138493487,-19.440349738847257,7.464076282377793,19.8651358492779,7.14577782435644
90617,-113.45565605310361,150.37594526522622,-59.64632624166332,93.12857903138931,128.17905493709603,144.7212718715419
69592,7.897289739658022,8.699497169471195,-11.323182933662943,4.778877703775215,13.805131545237213,5.7374411990759135
82216,25.342692236657186,24.912114278203212,11.528177640533482,12.987261384683036,27.84153245627152,24.42793674331827
17018,-3.3957613079752473,14.618485699663736,-9.314494427779415,6.855213677035745,9.914181827355979,9.270686231627906
80126,-1.4367110775277143,10.479448711332756,3.041167030770879,4.471162207796739,3.3634559056628954,4.73695617074368
71708,18.174667030441004,18.296493182041452,-18.75038489298627,15.40258596810103,26.113128026004983,16.742018911733236
54906,-0.29680976755331473,1.1279862102391514,0.0724931797260057,0.7750005114241241,0.3055344485026847,1.098097747834891
25453,-5.304936207700674,6.590131644873655,-2.8262562788167127,3.1761888706428048,6.010829620054498,6.3949297110848216
75919,11.906665722682593,20.873558083444127,17.621848135896073,14.88016706060838,21.26730402181453,17.47136765661027
75924,-5.569363780612025,8.174925385854356,11.78811063332375,4.113209969766561,13.037536777484984,4.43331835704141
71718,0.46209346262738993,1.9160749038669216,1.0377255888618575,1.1691573524207708,1.135959843472321,1.3984164111756647
117960,11.186956907849133,32.209672823904164,13.227759762681664,19.37336728053991,17.3240189678173,27.067951953696163
113766,-65.58734514889377,17.312987306567912,329.1083387347721,10.095398822379742,335.5800924793388,9.97439523624336
101150,-10.922768449854642,17.43377147730086,-59.486860661910725,11.17210058138266,60.48134805060748,11.731259088715596
117969,84.3026773203463,112.503702457881,-15.196019036169139,32.33631356301363,85.66131214221532,105.68663617176168
46488,0.44822960136117423,1.3047353298502937,1.1454047931993352,0.8383031454682573,1.2299845185287532,0.9535871995978851
63320,0.5787275739782566,3.7820953373603574,-4.359515730816705,1.7857511033188236,4.397761136319374,1.6915958701134446
63322,-1.5911305667806679,2.189222151280314,-1.0638450817763467,1.1998085689779692,1.914017460360143,2.0516127374168125
25486,-0.2520352628162102,0.8394187786048708,-0.5639759772442343,0.5278083846025571,0.6177302620168654,0.6210258283441566
82257,0.7892487368019273,0.648922569459054,-1.1358605761237182,0.6007777101454785,1.383145985402677,0.6159856051461301
75953,0.23872786413048827,4.257818863342892,6.407510609463896,3.946473326065909,6.411956269618867,3.9473787711893116
44405,-39.176419211923786,24.997329703497158,229.8739243152242,15.228650147248763,233.18836356548715,15.073114495392998
14976,-2.3877552275632508,3.1931877769260386,-2.1209929343680454,2.103778179093132,3.193741701264334,2.870654869211906
71744,3.1298029633283453,11.602221246888398,-18.946071090300574,8.388893444623859,19.20284552736865,8.39163747001521
14977,-9.004830724233477,9.671369818209604,-3.8892274621771765,5.878252979050823,9.80882595546747,9.460434352325487
61240,0.2298709593471715,7.699394016967813,5.70102111731554,3.0913184704025856,5.70565355047333,3.2390988077185594
21261,4.8367452297209566,5.388429012512927,1.5827774908659538,2.7692386764946395,5.089134406047885,5.38481239496639
113800,13.547975016744191,9.111176547697285,-4.588351665925931,3.6735367028875756,14.303866542460819,8.177819033843095
42313,-45.17038627456563,23.01572272173345,-19.8224495157465,12.370402106841084,49.32842285131145,22.596330108480824
73869,-0.7986229502525058,2.2868535939991785,0.2939146082062692,1.1142692934145195,0.8509902546957052,2.0756474141443024
69650,-5.533863373990067,3.5971773324650673,2.7187001383239076,2.007431617901274,6.165628458163138,3.194856130764319
71760,8.250333175755566,5.034084820418704,14.993763981070316,4.529678435001492,17.113765098043576,4.663324095986381
88589,-2.572111977877468,4.429462126635737,1.7793141725463686,2.4755498301899084,3.1275739721651843,3.6697604347001707
90696,-7.312674884772058,25.64011987251972,-6.787707939130205,17.27832109865895,9.97738407786867,22.938696600075048
54960,2.821666786051349,9.036068934172679,-5.243971474899959,3.8868825744468958,5.95491731941509,4.357144601911495
69658,-4.275476865495932,17.248601508747633,24.675732968107152,11.262888055924561,25.04339234090943,11.216051400271878
67548,1.780431471589022,4.747164746907481,-7.810583148436932,2.1436277728323527,8.01093910497837,2.0031191795215553
52873,5.759056066754446,14.052003397902626,-18.047133076132216,12.663360521018374,18.943751979152562,12.776183367569498
115924,2.5855164232207013,7.1465459338403035,1.579631839755711,3.088146794172418,3.02987325212029,6.8637302451734366
57080,0.2675279418801572,2.5034218629750304,-0.05923923396201832,1.3411926486890602,0.2740081869708267,2.40273703395083
33955,-0.4848250066781205,1.077597287981086,1.1341831696514635,0.6591247776285013,1.2334612881728717,0.6952961422687034
10814,-5.86647655620495,11.604658181888352,-8.105048678904112,6.300231298833094,10.005366623562956,9.257878533998731
29761,0.01558921422238581,0.6900891465481827,-0.46774994129124303,0.5264123662524841,0.46800964859501853,0.5257746943313405
10818,1.1911119998035298,2.088063245896183,0.791426290031448,1.5423668545611708,1.4300711061443434,1.972438324013177
10820,-0.0333196468321204,13.681931240526763,-8.865262066420414,8.20959950902392,8.86532468131753,8.216554439174342
115936,-103.54893747550825,114.78839859520242,102.84136808493629,63.04419878036752,145.94084226798225,85.254444654476
25539,77.51999890726324,43.471769336856624,-78.42993502466923,19.420494979419296,110.27513291107806,28.903932784697798
90728,6.2799783107368565,5.661402997676778,9.273307204061364,3.582041180052634,11.19965865927269,4.569651318560795
107517,14.483150844636207,8.986232266924926,18.54088172811939,6.216740958789103,23.52713228688524,7.637051870208311
111741,-22.352316039134397,18.159576342392885,-3.7625663929854944,9.951999145663066,22.66678049867181,18.287691675168777
94924,-33.5996724679884,17.90101963535369,-2.9893662433734556,12.311292266478707,33.73239245136814,17.940965901001842
97028,4.285669126216601,5.472748351503222,5.544592144919421,3.484377515121181,7.00781434634996,4.5513602152055395
301,13.41588189130345,28.269322155043895,-13.291233326671335,14.875332146890994,18.884987960425672,20.57222659338821
82319,-8.48109076253301,7.781358501573586,-3.0229480170908376,3.4538922195858643,9.00372785219301,7.80969762105597
12929,-0.23613771205910686,1.0635928077258447,-2.651845337669763,0.5994007756038883,2.6623382042815993,0.6199922866388407
82323,-0.24775687177230757,9.427025206962586,-0.7525234563996325,4.174411380664986,0.7922594397935876,5.710317833837467
50786,-2.7829360689204004,2.5780511047445827,3.741788803477535,1.9511745346365528,4.663230276699616,2.15176816051571
6643,3.620143328012756,2.244140840534684,3.043318344423175,1.3127268705265063,4.729399989518532,2.0227887107246136
19215,-14.105900934866877,9.30605541030002,-1.9770133680431687,3.5452747004889686,14.24377137705108,9.473017988657217
71813,-52.24595500518002,1.9799996612461341,160.74526968689617,1.7855693932257444,169.02272492513035,1.801970771781532
2420,-13.089812885690362,12.773927922184598,-23.930525088052104,8.454649328097185,27.276605954045614,10.02257853340643
86546,8.68971782108065,11.717359919509736,10.743593332223403,6.722141406802634,13.817959093086134,9.685812799426577
33995,-2.35602670589698,4.370839675169074,1.683403276640252,2.427398050293931,2.8956361012224776,3.58501021515981
23451,8.292977650937942,11.307788795872096,-6.961963143517177,4.427619044549871,10.8278533944013,7.732974088175402
101252,5.999926286002686,9.496805858721748,28.39665008988645,5.899137215944008,29.02359129682118,6.307521061212865
33998,-2.4298809080398125,25.607760528880437,-48.08957580838366,15.32761882017798,48.150925460031765,15.534923664970586
61318,9.633837285834186,16.478250410744337,1.7554284832547662,8.899276691095947,9.792463939670705,16.59765658695822
90762,6.779372712289086,19.13943163061494,-17.063530084271743,11.653851190840294,18.360935523795533,12.165918176957945
8770,-5.644718819864604,3.335761089028377,5.296017958103272,1.6333828398420178,7.740197463106868,2.39183136331365
15062,146.14455772129244,3.1259846495560457,130.19048595522423,1.8970472180720666,195.7237706176989,2.7911683823354014
107556,30.418782601181302,16.226918621791313,55.67819058298369,10.205313802252023,63.44575038198369,12.489653745305233
4552,10.233020603170813,3.4186446862852238,5.017054923609476,2.066702138762826,11.396734215179032,3.3124676584002755
109672,-5.262341427623534,4.963676524320155,-12.001972403472363,3.2204212563734256,13.104944825316704,3.7133798798788806
78159,17.356898210810623,14.432461555287675,35.12318793869132,9.652919182480161,39.17780298175323,11.173476129468579
69732,-4.868426843538493,12.774667721499041,11.44579569413808,6.704926748496547,12.438159791658732,7.056934538337992
86565,1.233011407970261,18.96747845090806,10.97253168119341,10.598856297771688,11.041592667137195,11.099233022692614
92871,1.8121394752349649,0.6490974347169969,-0.8608927344067164,0.43885055655543115,2.006236720294773,0.6017275488467374
78168,-29.152670107246387,17.067884792326122,-4.035922386452007,7.635247821790363,29.43071259571201,17.292102630521573
48711,-2.372239717216473,5.013640169342667,-1.6302376073638638,3.347114531426018,2.878401628057271,4.686521939447922
42403,1.4683733492617452,1.508065074582292,-0.5885658610601966,0.6859657471049638,1.5819387047631417,1.3383511009422866
76063,-0.15677877449586694,3.4962956547428545,2.5102189909754267,1.775793675714593,2.5151101301505894,1.7333575202762526
94981,-1.8857460045038814,3.4124179946704576,-4.357114722290282,2.059345026945405,4.74768224470647,2.4650126337705913
88684,-0.36761016899265986,3.959003484720536,1.29343674748946,2.0868766752436962,1.3446619858175974,2.068653868730428
12975,0.5325337416684917,8.342147053801416,-15.578582684366774,5.185085250039759,15.587682016248205,5.156999275579248
111802,0.47761807289970104,0.7542659839340528,1.0109336572124559,0.45925575516468875,1.1180813399951612,0.5566494972263335
111803,-4.350749055126824,3.664835560524568,-3.7782971186632257,2.144736576946897,5.762338627465917,3.2830213770486036
90790,-1.0986696244702077,0.6618498392957765,0.6346664797506673,0.36815250903220603,1.2688090810884871,0.5700827750761508
19263,1.54392718669407,3.506269506836899,0.14458017663364672,1.8249329844979596,1.5506819742579334,3.532481679262514
116003,-2.576854645257887,1.9159335157806299,-5.663037734290802,1.2768282243450482,6.221750255578301,1.4609206208300791
92895,8.84694158888224,8.480811610426391,2.484798370931458,4.459700725177126,9.189265390730526,8.5046359465914
103389,7.62539285506121,2.864572961988646,2.5818526647917213,1.232291623922121,8.050626023900914,2.8857104609250177
15099,-2.804498936654946,2.6133128335950424,-1.316447360961871,1.4273449435672378,3.0981039265786743,2.550524711072167
34042,355.1107401756336,242.71071241473254,146.2740510227432,131.46695400438318,384.05694342205356,239.22474238847474
90806,-8.930299766693219,13.67691700640067,-15.048339389003406,7.283270948462146,17.498650584820314,10.29029592467767
78198,9.266942370148698,8.424903183123753,0.15357969397037444,3.989410576622622,9.268214909790192,8.443330632166827
80295,0.7512964040622626,4.186086174183716,1.4045748345738907,1.7799703120821104,1.5928831572576687,2.961340798322313
42438,0.6787470113768016,0.5601522105811547,-0.8971213990500193,0.63309235014964,1.1249552480371847,0.6054435789532984
73990,4.0691006258195435,7.192925200090947,11.521075648568097,4.019730436977702,12.218541811651413,4.823502363770801
42446,5.656059942080595,4.863420965860515,-0.2756945237568149,2.007585072741186,5.66277507401082,4.817650405350084
82402,-0.2512002755801509,7.635225249627715,-0.6230815326680925,4.391550437406659,0.6718126039332419,5.328100119813225
118133,-9.04856838564566,8.473002018135027,1.4025903988938881,2.151920012856727,9.156628727690963,8.010480122110323
74001,-0.47983293275420824,4.0915709739815265,-3.006751754609802,2.711384218985208,3.044798147201983,2.8073536964391463
8832,22.92283689448072,21.518413708737818,-2.6472751625051463,12.44568803697539,23.075192676920018,21.203899718320663
59284,-14.802446388612092,11.64717854872633,5.706113642623011,9.102087517380163,15.864178263946217,11.253922784160096
67691,0.01902774430601742,0.5602712461080838,-0.3026424264829576,0.36788017190741307,0.3032399930102683,0.3656786826240426
109745,-1.8211958427980857,9.318851641838243,16.51299891509851,6.07819490384507,16.613123952702864,6.033221694660545
19316,0.7735011054347766,4.175676961354435,-0.8543202118060678,1.9119068276997775,1.1524612724118697,2.7043643332146092
15143,-30.14023772282091,21.41653586927716,20.25640918908541,10.767384163649794,36.31468082227655,17.306864315032517
15147,0.052313063573492885,15.054541079898799,-26.853186557964342,10.086245755533996,26.85323751381679,10.08388518882221
48786,1.4910066936509452,2.2568591569094956,2.0144509195131595,1.6758360649959159,2.5062149683615202,1.9438601581387576
36191,-24.778372491965044,58.49752208475974,-10.71946456149179,32.10196456863394,26.997678860147374,57.43559855033064
71925,-2.4562611426609773,3.85910097744743,1.6029985812295278,3.207404508263212,2.933056980757464,3.6500316475035834
23554,-5.727455286783827,4.506714095792628,-12.115771217759733,3.133314064595442,13.40133039153961,3.5302987242260593
80346,19.906903761856313,5.438088047702504,-133.82930826926074,2.919191327352657,135.30176853689915,2.8379604546599633
21446,7.62697036646333,15.239749014772011,0.11284215358467788,4.395989947599821,7.627805078955244,15.295185177464019
92962,-0.2781105547714673,4.977517470061715,1.5452036858458975,2.914602527177024,1.570031818603381,2.874691525341453
61420,-26.676466052248056,22.354186248572603,-15.12009675009596,12.337281786510978,30.663515238292646,21.40700463735395
116076,15.319054652236947,9.55191776029729,-0.014809715948597042,4.211787641643091,15.319061810891322,9.55047095147076
17248,1.4051366048694778,1.9701072890218125,1.543932471205279,1.1292935739238903,2.0876149917995326,1.6756656381693735
88766,0.5051787744757815,2.4238288608368475,1.399069278890248,1.9666068651111104,1.4874812406599724,2.0410435341243804
90869,-5.377647044027899,4.283460730389454,3.7139211514187083,2.142708759233392,6.535464639113066,3.429662652976964
101364,-180.7221221827108,134.47434861487136,-12.187784628274343,84.47437616817828,181.13262417457503,134.91338369343606
95071,0.6164987316637687,1.1611133704651417,0.05672818098805185,0.6739660796509492,0.6191032003319387,1.1671897905441957
109772,-11.156860569121125,12.513947630076371,6.626760268924509,7.587106906088391,12.9764975791084,10.959657119771293
105570,-6.215883884341654,16.77542530939225,-27.51726805204536,10.205643806222596,28.21058761372642,11.047058778322949
38301,-19.94154536108209,14.612634278654127,6.069995643429862,4.807217234762565,20.844905336780784,13.061314702132846
99273,-3.6597571184427036,2.1890286587799137,-0.6537691779515225,1.0718553149755132,3.7176923358491423,2.2125206972553193
32020,4.971315096260521,28.82161322345683,0.38433412162681324,14.310598118788802,4.986149466607916,29.037031730298207
95081,-4.559345887567633,31.806788246695408,-1.1130735618124927,17.318732406136593,4.693247029135142,31.93744320697257
50933,-23.121350967643835,16.64653234710925,5.454659158788741,10.879663802961321,23.756055588155252,16.164960292317826
63533,-4.749265926198697,8.622648217713381,3.3735128731828117,4.074991875022829,5.825471306536675,6.724684461305366
46704,-4.781979822442113,12.121484033027494,6.556718114359453,7.060335847853177,8.115287022244678,8.447622066725957
23585,0.9519759964595959,4.195313837393306,-3.761151966395983,1.964206315286819,3.8797580352593655,1.8712089123992648
50939,-4.61705191528886,5.1960589878570556,8.32200062114847,5.129780064902038,9.516977604621546,5.145275158575455
78286,0.07660847242727792,2.0541178204317108,0.6982386144295443,1.3335240732207863,0.7024286588174851,1.3651431578315538
118213,-84.00244914778317,2.349479349676284,23.45462668327213,0.8304765034906577,87.21542854150037,2.1384705197719
84588,50.41436207384009,117.35848632874381,34.95941048818713,50.46073416767731,61.3495581483177,110.55836108064595
34145,-2.1609306762818266,5.375422002293202,0.03863584828535436,2.5952470389585303,2.1612760389336114,5.3618960117198
57274,1.361740992806258,1.3117012187916535,-0.41148522831730244,0.8498246721046038,1.4225535577307153,1.256167853121105
57279,6.049782576790587,10.491634427782811,-4.143376455930513,5.020633849511444,7.3326282929109565,8.307974535247219
114031,10.098596898249493,7.933336046413467,-5.203820893476873,4.350565990528602,11.36051984746828,6.962532788295844
80406,1.348362728411445,4.015185769661429,10.116466589555001,2.7211008270081614,10.20592858611855,2.78852209545801
114034,-3.7797017099466497,3.4907785735438956,0.1269567713864339,1.8072680303520106,3.781833290611115,3.475685856550963
19395,-29.77120592643848,25.57434594495669,30.547984742278906,10.447437899544642,42.65564527854327,16.130976492156414
107714,17.0088590544536,14.315161997180516,-0.2840851234579021,9.462748811101198,17.011231310273757,14.30029813019829
88829,2.7946431492757786,35.600009764950606,15.061846297986209,21.697036080360373,15.318917854599094,23.063906920623687
57283,-30.189507420453786,30.94288789102673,-73.96603226114213,13.860836012018247,79.8898008931425,20.087412781922588
4715,-1.6916813945057467,16.804986373987983,6.548256364070169,9.36392340882437,6.7632423696110715,9.298206171836814
21514,16.13338818152626,7.300054044970477,-32.108779270110865,5.302781540504782,35.93410525437516,5.620771561675967
40452,4.891316934789773,2.268164766881789,-1.3225110814635288,0.803408235763626,5.0669534157277445,2.0730384019136916
105624,2.8073496302905685,4.8525545226344695,-0.3164373921879187,2.98746209568565,2.825127354627979,4.793397467290574
84616,-0.8633321204624007,0.6690469686429327,-2.03362416345373,0.5014951106465105,2.2092916485618166,0.5399488201447894
95132,3.304574988417276,19.96713106815813,12.57443861584417,10.734059580228301,13.001412321655907,12.429362278512126
11028,-2.9642771324160453,2.4968009772991095,-1.0556982498179814,1.6425125889741463,3.1466550037195753,2.46305604034073
109836,3.4732132724217677,4.23339820121243,-4.277168918362056,2.8858556697636417,5.509753569074498,3.3543638910249434
2611,1.151437963194731,4.577825729698913,1.6020541128566412,2.435890310049062,1.9729132681410275,3.6366037128588546
103527,-6.250524419026795,7.183819215242522,1.9451258596623475,5.092969856990001,6.5461874494072845,6.935459320622494
90936,-1.064542426960086,1.8060137601553004,1.5962084210532959,1.0312706057389431,1.9186276090579761,1.209613530202621
15234,-0.30819821686452314,2.028645723743674,0.20908149195765094,1.01740374727916,0.3724261150318394,1.6338556360769807
97232,107.77712777774993,100.78939151112856,-38.60099619259302,77.37967079318139,114.48120447952151,97.5210043990115
59394,-15.803011526130307,9.323660698877942,9.716930908101626,7.3859033337515205,18.551385920405732,8.739110380928185
97229,0.2082116325737545,5.2315677094324515,2.143754700914188,2.31802369352361,2.153842218369467,2.5289425399735492
72015,98.45327887781531,11.961189417491141,-14.79730469563407,8.157815443435759,99.55906964234,11.8005748037612
107734,10.65609099939843,39.17297333120963,-74.20512694338511,23.72610887943668,74.96634671685261,23.43047768556924
61498,-0.34537660269830045,8.069741793475336,8.803075048443217,6.557405115890552,8.809847632406305,6.553164455577392
4736,41.58672924436723,16.9229921622485,9.92192612652317,6.346033608083188,42.753954990205195,17.27385595195811
19422,-0.21349827141944303,0.6239925277464456,1.3744050971681805,0.4409205399909719,1.3908885228590269,0.44036441836900203
29988,845.9372199212152,877.0236532533016,93.24337204094918,475.5090540571613,851.0605774429933,883.2939700172991
114066,-1.0839376274323242,0.9537802978948456,-0.5065783368127716,0.6384375303968771,1.1964708067861958,0.9261927673336555
103545,-5.202132727307366,8.781996086787139,-2.8207637418517577,4.147102211231397,5.917676317598649,8.515251061236428
17338,1.5416242148129546,2.1580424786775763,3.4805082621163326,1.4374529738001243,3.806644583141131,1.6381309690977643
78345,-6.9966850723914185,6.3967182780966425,2.9900159188264324,3.578650224503964,7.608797355499776,5.805794267541927
21547,1.4648960526357229,4.334238316169763,4.338161608453161,2.020660310305137,4.578817160150058,2.685219120108998
531,24.487564912902723,29.607990246257323,207.4989236259553,14.557530558689226,208.9388526370662,15.729484985464266
59422,0.7146680350419564,4.794123961153192,2.5473016438986518,1.5603670985647582,2.645656074647554,2.5795274889848026
32104,82.59482182275286,35.25578546627237,-67.63768745276185,18.249546041327726,106.7556151023907,27.128278781277427
88871,8.434613775683818,15.633373105167331,13.620608055489836,8.78455751761576,16.020726367622345,12.021579757541017
114081,-0.6474042430221187,3.137820398356367,0.8532638659153169,1.2228347317775097,1.0710702492179467,1.6674547145156415
76251,-3.3365101090026057,4.3308488073400015,-3.673445425489443,2.817894111015717,4.962509546744056,3.737508107954698
101469,-5.889583418607939,3.8761650559949437,0.6199489916055494,1.511138561456262,5.9221220518437745,3.7818930757812588
544,0.08463733722417048,0.5564913548832338,0.10739893869965891,0.21741657274873727,0.13674067019804695,0.45132812446018294
80459,0.12472746436537542,0.32109624764010863,-0.5423526597476958,0.18057956069454173,0.5565099710718721,0.17842998830383847
38403,4.77995828586538,6.18893281117451,-7.273896299969545,2.9780114521845147,8.70388238645972,3.6074896340108786
19451,227.54737754345825,96.08975833775733,-63.442038732414865,39.228869057992654,236.2259539200347,88.5542611900492
80463,-44.44396600669275,16.233414734170257,25.817502297794128,10.394888795414237,51.39853635368098,14.47383793052272
80462,1.7285859260420895,11.20459243492839,-1.6997680656118128,4.75892509290846,2.4242979974797882,7.361358813568169
25793,-8.865842557866484,11.882915851799279,-9.14637616132794,5.237748880282095,12.738106654655729,10.228185264166559
2658,14.485381969297409,9.172086627980262,10.844561690533286,3.2489270412676228,18.095049296872023,8.633303361017356
93079,-77.02258003647829,70.47986685841342,64.22712585060489,32.99604786980992,100.28759410069196,51.82173676083642
114096,-4.1157097437482495,1.2105251818675096,1.7446163560706758,0.6702685305787933,4.47020725746062,1.0980538654847887
86779,23.77187651583425,24.679143612454123,9.514850932369459,13.948879884698208,25.605360793187113,24.321747337686414
86776,0.044105599737189576,0.4198207132965339,-0.4624861832758442,0.27354425678332345,0.46458451722935723,0.2715113599644088
11086,11.028192306756932,36.17255094610252,-55.57731193745203,20.705930147134655,56.66090916802924,20.40569148874966
15279,-2.030333957638968,3.821279127358947,10.745520879950933,2.43323771638621,10.935651556308997,2.4224807716805055
560,-3.5142472600186307,3.4751233368685495,0.8795112845896399,1.0925980636696273,3.6226335592037144,3.177753409622466
30030,0.5483186567334527,3.0667853168696633,-1.6524290492479057,1.8413682600062167,1.7410270279695015,1.8810473979393176
90991,-10.957855262275011,11.412613026238668,-1.3652934198696975,4.644388165913623,11.042582038242127,11.584762984163781
80480,1.0519083715706778,6.147197167202889,-3.0869638428350363,2.9120335420037518,3.26126616349407,2.886798022517009
46813,9.527291801433433,12.59885603417573,-17.5257413243167,7.942405418113018,19.947954733168082,8.706434277110834
46816,-0.00040114425176362306,1.0916644076263724,-0.949194810408716,0.9604528931120114,0.9491948951735618,0.9604567059045962
21589,29.07900070801914,19.6072122314169,26.884906394258188,8.969563451674041,39.60285941702951,17.342255418459764
97299,-8.891694554917212,6.8222326294512,-3.5345844438732628,4.2541755038559845,9.568464832396849,6.702629494065259
61558,-3.2415529322476164,7.94420305548145,0.0013668771638248706,2.9790924634457205,3.2415532204355832,7.943548156345612
13192,1.5446551632239223,3.6557327823240042,-4.187635989017091,2.0289410900061786,4.463435308121477,2.0892310175884607
93108,-5.809831471314846,3.5759786014716495,-26.898209669042554,1.5792773750713238,27.518499688843043,1.943110215547411
118319,9.300704135278862,6.128985990902024,-1.240783150659172,2.362258736021586,9.38310397677405,5.9283610940003335
91009,1.1390349695882394,0.9471409302875714,-2.1687160802255376,0.4387721279119924,2.449638768997115,0.48832631884264954
57370,0.8040139787797009,1.8396496452790099,-0.250168308598361,0.7168964758898393,0.8420348334244434,1.6653355964324121
82587,1.1302420246652547,3.0885925532273864,4.874691861257804,1.9945517764563685,5.0040051735117625,2.12727669620589
116225,11.820802785792456,8.35832562007548,11.385075833144565,4.239891315248907,16.411926463004004,7.305326376871048
17395,7.365269039883615,5.267984080001964,-5.830239027810945,3.100855634006644,9.393554979414239,4.298789571771273
112029,29.75623392444665,33.60177445421074,23.02061217409169,20.31622101209902,37.62156352726888,30.761896795176266
88924,5.03806594714138,3.766900230710748,-0.25445190823467806,2.029766885728049,5.044487512260273,3.743246773848966
97316,9.544392924617,20.09308023913545,15.521854687077294,8.622116318807157,18.2215095210639,14.947426683397683
30057,0.17051349518991468,5.257255271992216,-3.879188105561369,2.8589980538424573,3.8829338405863525,2.821183199225931
13209,-10.751669725501792,34.032425027846756,-32.37049900949742,18.179872853690306,34.10934780980348,22.088961354957597
97321,-476.1699836170322,8.036753391096333,21.287210477194584,4.43715303041529,476.64556918925103,7.9951081069498775
46843,-0.06977792841924799,0.8718536996197251,-0.12055697171380797,0.4689245271433932,0.1392944461322331,0.652568417182325
116245,0.9060803669670675,6.379981523336834,-6.004782327113381,3.8097507550072915,6.07275822237444,3.7580069258118485
109939,19.263637177745366,11.290385798633746,-3.3571461201521204,8.160010148331095,19.553980346411976,11.136457424676692
93140,-4.1275826641787665,6.722426724327939,-1.6321422067474207,3.5386519078898417,4.438561347179447,6.6513023124756305
61595,-1.6568090257731845,3.7161967338425823,-1.9223032728415839,3.2186603258152213,2.5377679209614405,3.457285217457213
88945,-0.39061615275463135,0.6648687498940778,-0.2147410921528805,0.4478223504971607,0.44575185412047524,0.6370939560219997
609,27.10553750763222,17.105892339701416,-1.194785899824641,5.153835873104785,27.131857233224505,16.905948036929423
95241,-136.58816950049018,49.374506917706746,211.76920362182463,30.387181671469673,251.99707071733286,34.70010955961805
97336,4.018326512505141,1.7354404011248963,0.3432482038087529,1.1844918089896335,4.032960115165988,1.7394945042061785
91043,-0.785481024793463,1.7201039150405462,-1.682614066223563,1.1308827028762427,1.856925021686116,1.30864261039412
11152,3.450263565086678,1.8845501878712145,-2.61875671672518,1.3459033066174801,4.331536148984316,1.6660673221426638
65808,0.28383734641637837,1.5710947508712094,0.29398703545705346,1.0241801440624108,0.4086465664085751,1.3722911180810495
70022,4.535569037208581,4.913893119097057,-3.604717630390413,2.712527711199166,5.793563297844656,3.9098120771942058
34297,-137.06472236367313,78.30091794638682,-152.16160255889898,42.86117942898878,204.7923128682401,66.2201450934848
74234,2.8406064708113106,1.4259576532432505,-0.05317610423181426,0.7811987026018262,2.841104155091179,1.4230520955245782
4856,-0.2004358320153798,0.32004046655211493,0.2313652603495455,0.2042415924297927,0.3061117548417743,0.24719939376613623
116277,1.3294204815325237,1.7770554473314981,1.1016226720157778,0.8230051584462793,1.7265373810657414,1.6109725472478824
32209,-26.50285801308127,20.285327967101484,-7.134085645426144,11.94163550572027,27.44625039705463,20.268223554039974
82651,4.846422764000406,6.181098299007975,-9.402126909283103,4.185924939024313,10.577703154545734,4.499206009701607
114189,-3.1850796451802226,4.455809689916605,0.8417947655081919,2.475986244476716,3.2944424070513607,4.241450328227827
72146,0.7389425299166357,0.7986907043923628,-0.6940176054672617,0.5127857506157599,1.0137536679184493,0.6491388758458235
107868,-4.472370835430129,4.703477606960149,-1.0702220573134937,2.563853799204374,4.598638509555444,4.724054486124255
67931,-11.156208020046709,18.26890672544292,-0.6150468977148615,9.622160650063629,11.173149066979423,18.36114334636739
76360,-5.515433940568808,20.818313382002966,30.192614759860835,12.422980888131672,30.692246538664204,12.283441506261301
97376,-1.465800586434947,9.540034151802843,9.657884425977757,6.159993672994388,9.768485191918794,6.1192708165199585
105776,39.866108382714835,150.92252520448898,17.989944364776072,82.51998295330098,43.73722322953418,147.75069336331603
103671,0.050140596340937114,7.4189074083456985,6.746927097094608,2.8583032543207945,6.747113407444023,2.885662573789405
17453,1.3030177413841302,16.00297522793201,-5.790837823460279,4.9097635872750915,5.935626161744015,2.9883110619309554
72154,-42.68331685361702,36.540451717506166,-11.223821895842045,21.481942603527788,44.13433714893484,36.53037489477317
17465,-3657.4788462399483,2644.9302276475705,395.19627007722823,543.2556715928744,3678.767674449646,2539.009525911606
70050,-1.6961859578596246,9.720513894387068,-3.5228639994713267,6.363465181708899,3.909938306727011,7.420255269619599
9094,-0.304221690229026,1.4980677281886776,-1.444438883886866,0.7415944353359685,1.4761282214259508,0.8586798846384627
17468,343.07471376166984,122.10219182873406,-68.55580230119838,59.529125186209384,349.8573384278408,117.13319396757655
116302,-0.4596158202077751,9.765361289748459,9.625739923185657,5.405654550624179,9.636706686985729,5.335359385688455
21677,25.138576187371882,71.89610268779111,-28.825577565031267,25.753836068944214,38.24737814133061,39.4344224441213
82673,-4.480203142009068,19.312057096430216,23.193329806467435,12.12259241855991,23.622082205115593,12.060737187650863
55360,-0.6427127594562062,0.42808612264185697,0.31068727280562636,0.2357113422844265,0.7138671253470136,0.3802220714665529
4891,-96.19704463258746,43.98742750164219,-509.2342013161964,27.102396242339854,518.2406228637316,28.773266682005406
21687,11.277596413458872,10.649976399880709,-8.693119050759199,4.385999287732328,14.239188870702325,7.703579063547345
57467,-5.668487900857466,11.417525297586502,3.012350740689668,6.009055103705191,6.419190919975902,9.873326005084019
4903,159.39519908734755,16.06978498683331,-356.3403953741261,5.104437111194101,390.36560666570466,4.466498799966937
84794,1.3357968615806664,0.7481187294252997,0.35658621003203705,0.707931093426316,1.3825725950537897,0.7457825725430629
114224,3.9948428919132715,9.43170536358964,10.785578143158373,4.054116053896265,11.501628824355514,5.88247322642529
682,0.2547959966615836,3.1624381213932486,0.1991279630673149,1.3338534621922207,0.3233774042664509,2.916465753282489
38541,20.813195674936555,20.820745716843852,-4.021346846634494,4.1761102504458245,21.19812125317088,19.155384779539627
97413,-15.732099673691229,16.132128788089133,25.749654709075102,10.738406753960392,30.175216283890148,11.906513594871923
101614,-0.13142197943074904,2.5444140880756034,-1.0021357828662871,1.5130558950797244,1.0107165101938933,1.5802619330223344
72190,0.7324486610081068,3.3315807517428784,1.6328491888919774,2.8329310131152785,1.789602613620621,2.9382421867555406
97416,8.177874378969928,4.365678647699072,9.013365636063751,2.596161386954195,12.17038986423967,3.722972503546288
105819,-9.05314365276859,6.205970124445485,13.80771108085226,3.6925334467916997,16.510974995134433,4.268239094492652
72197,-8.669550095819327,10.525713245930808,9.886088735756672,7.10033561451429,13.148986628450722,8.416941990904029
21723,-1.4566021662864124,2.622996325093546,0.5757998568032178,1.0370064958424348,1.5662807366257414,2.2881588761094673
114252,0.6576867853468046,1.7403950717288674,1.0486035880979416,0.859325624219289,1.2377889127762016,1.3170182937967239
53301,-96.49498523099601,3.8322039929770204,-26.711790203348738,2.600076011305131,100.1239327563488,3.809466445480289
89046,-6.845044091336968,6.165216235223427,1.8524338711053796,3.4325144209561955,7.091272090335104,5.859786459691019
89047,-5.716681330783951,5.5851872751001626,-3.210796206061524,2.10700840007171,6.556649885009328,5.472078048261921
13327,-8.290124320022192,36.5355910467413,-6.633894673379058,18.355476476857376,10.617660748908417,33.26444857244388
80628,-170.80438292685614,34.76779508969491,208.76294056336894,21.940397415150322,269.73339166608355,26.31394106812094
23844,2.9535880646534944,4.7750103306305505,0.01704934655050468,3.1332879110564167,2.9536372722257846,4.7765938352947765
99542,1.157172131195,1.5385707103806436,-1.4648424557617732,0.9019687021367592,1.8667647847054971,1.101551428066332
107941,-0.5275108220295336,1.4497950736786829,2.241385181454078,0.8687999008574915,2.302623546956863,0.8661628473402238
95347,-6.326523087669125,26.05019577136619,11.302991009711047,16.972873868899,12.953088440384372,18.6043940012008
7051,-10.450983331944888,7.280754415832279,1.5780059373224078,4.226806704648974,10.569444419779815,7.130861624811933
23850,5.198866502556097,17.111220841018405,-1.6258919557713853,7.702640307732817,5.4471770269784665,15.709117978631228
21741,-0.11213955832640393,3.9332377742017526,5.515653916569308,1.4822116945307435,5.516793761589061,1.4423405990079599
46973,-234.22738181136208,131.42711831094792,304.3152293284901,89.25287195152148,384.0185219380142,102.80465898972457
110065,-15.017628787198996,9.048123772244134,-3.3332066413414587,5.691324428349686,15.383089446011512,9.051471604821625
70123,-3.8612957266058903,3.303937943987299,0.06937251235710089,1.955615747196067,3.861918853856933,3.298646126123414
19631,140.06511776212076,4.5993358645577525,-23.89720034304701,1.7238260335069442,142.08910372703633,4.389618358360964
4953,17.77702887460627,54.71168568631131,-43.184830706235445,31.629319298189582,46.70066764763434,33.191124732776345
95362,-0.347693459236246,1.936947224892602,2.907285687992395,1.1212609531908178,2.9280028711053343,1.1017951710628606
103759,-130.8816269721515,292.2688253164569,251.06864382176207,142.34950422389613,283.1350635109969,158.03011193560127
86960,-22.42531107332502,15.492047083425051,12.650878681896542,8.561794654753639,25.747607814308846,13.386789507876104
59622,-1.9506465846632914,13.309484423204239,13.759070810691194,5.355245978447765,13.896656132749094,4.776057197698765
55434,-24.403080245141023,39.908133870766115,-107.02357860980445,27.504398892408076,109.77047282352292,28.8299134444101
59625,-3.6879174116058873,5.701856029199405,4.35012819425423,3.799138612614083,5.70301237428707,4.4952490568446715
40693,0.188776835420643,0.724162191656862,-1.053046247464218,0.40670012101609093,1.0698332079767872,0.3988466373274137
4974,29.793553424274133,85.08440109485063,290.63508959399337,67.7875562854108,292.15819538214845,68.21291349250453
42806,0.5341786365845982,18.21113406006095,-10.45144250898053,8.738828365094621,10.465084678793032,8.512245428891195
95379,15.153911467323331,34.585576852913874,-19.535028495760713,23.485859057444394,24.72363992396056,27.09384194181352
74359,-11.89805319332187,7.915598439740775,4.110092867048314,4.5535303116554395,12.587951905170204,7.395877517151245
23884,-2.3766877526288677,3.529713095676158,0.8551584839102834,1.1369989165726337,2.5258544506958023,3.058617361291547
47007,2.9688978564889195,1.3266913324463485,-1.5362912976544725,1.091454645732019,3.34283493961538,1.2717620147331652
23889,1.5214948518844549,2.933579538662855,0.21603509301659327,2.0980629057673705,1.5367555907578756,2.935978416039292
55459,3.3050009793299076,1.6270149090579875,-2.67171692106859,1.2589437325725965,4.249835617961696,1.4700775127381682
84880,-8.170118640181686,24.963844358733326,28.305975679843772,13.406912306741098,29.461484989432414,13.351474257460264
57555,-1.7795000201966973,2.503434895689941,1.3350241158368206,1.5213173584310569,2.224614508571301,2.092992079504182
84887,21.093491192303784,15.104942204627482,24.358233668077528,11.079705496604216,32.22202535702036,13.264457154930405
107995,-5.858105429000831,5.486517489224112,6.013343952087052,2.9671444837124654,8.39510004129736,4.000239721411862
11300,2.3840804009579952,13.83944471497233,38.73326371230914,12.190620433984186,38.80656590276336,12.204094265393726
30243,-2.1601722798713974,2.1591871710510078,-0.31365203290764054,1.2847014073790881,2.1828242889595777,2.1699427689414525
78594,0.9155921337969177,7.292692301590423,-3.5054661976877117,3.1158478273740697,3.6230653069744596,2.866921729639574
72282,6.808244931640429,10.636520585612123,4.704111759939937,6.743166877792052,8.275316700840687,9.917638547717917
97509,0.5364747684932412,1.5869261421477505,-0.9707305637726656,1.0387321285128728,1.1091091040435446,1.1351221607250903
65965,-20.008803148256078,11.984482057627108,43.68041666375983,12.012194001622708,48.04509343674263,12.007380175308695
51260,-1.6877521764506593,11.7896562678453,2.392682192960892,8.426836226393092,2.9280429446348766,9.39535590575327
91216,45.371631415454075,20.53489673360368,-38.93502104497303,11.139818626604036,59.78729631846812,15.86993676464863
116431,-1.0390091103793915,3.9107014019977133,1.1544345816652617,1.6280684355668154,1.5531449175128578,2.391193152314253
55485,0.25627114958034614,3.335358700472158,-2.226417520990491,2.216898789645274,2.2411179977593045,2.2031189822013433
72296,19.45658822026466,20.086052069169636,-24.996125477520337,12.611615515418832,31.675939039922444,14.972700768326
47039,-0.6574663381227794,1.6226637387078295,-1.054212173837265,1.349596409214493,1.2424271782407486,1.4429732447436585
101716,-13.71448266776661,8.468491886177885,9.177512306805568,4.458729644761529,16.5019322197747,6.946317220472828
97527,2.3724843135128957,2.281702180628755,-0.33375807212086456,1.3501711298257488,2.3958456270324664,2.2407150553583017
7130,-15.35345670424363,11.131406215337567,-3.3764323070533995,3.4780784631405486,15.7203348530875,11.447144494865803
57589,3.2204957911227345,3.9618239266100046,0.17731580409525485,2.2683652071189817,3.225373472176702,3.977635208810696
78620,3.884212634951321,6.899772894229898,-3.72108301185009,2.8956297989556283,5.3789930818504335,4.563712288909552
21820,8.633487735025817,16.420218132257737,-3.701283326812295,4.338935165462027,9.393434341931597,13.335160014266512
7134,-6.262992203278978,5.782718403530509,9.137877072834044,3.1637895064004353,11.078170820878299,3.7815070179025736
99631,766.2089458715703,91.42361163100324,984.7749472356718,77.43181898188912,1247.7410971177646,83.5552407665717
91237,-4.597457054851767,5.380949342194111,-2.413157956150036,2.8422313497806884,5.192296475793394,5.2055338985774595
116454,0.4370183600871132,3.0669760917107647,-2.360824468927039,1.7135435972555781,2.4009325730094684,1.6801024395819886
813,21.022399086564366,20.63158914376941,20.17609939205772,10.068638859549214,29.13788341717658,18.05324153840945
19720,-50.77189378929072,36.87762553467159,-223.53058174952903,13.868605203705425,229.2241396019056,19.07803497436543
26064,44.03787853340658,70.136130954155,4.482350780453321,29.450208203516638,44.26540651843268,71.02317239521764
114377,16.049220131840702,8.663343244366878,11.300990623838612,4.803696148859483,19.62880169343939,8.052136193104053
99655,1.3278589417367372,13.119031112951943,4.800997774528195,6.085701432800025,4.981243720214349,7.703484445145455
114379,4.0995860956000625,2.864333127838208,-4.066999575937224,3.063544786584846,5.774694078989027,2.961469476575488
11360,0.729708682940262,2.3441238805236524,-3.299691635012112,1.4379139878499234,3.3794140983500847,1.4332670281638804
72339,-2.540491231124098,2.050800717856237,-0.9492933155243279,1.5247552867670724,2.7120570595615434,2.0164499705521566
21852,-6.496643448462289,8.777591776976736,3.5344838523266904,3.021410332281615,7.395873998305143,6.901113264718247
103858,4.169354580033597,12.339119182924279,2.678926000649822,7.175147072209349,4.955821035005682,11.61616186725959
26081,3.926563438866401,1.5331404322617581,-0.5845323051132327,0.7643712701699197,3.9698335550956445,1.492029722368174
91272,-1.0406724410344261,5.2485861090924,1.6488877028281268,3.200872228187312,1.9498281427003683,3.6444108856066864
47087,4.761169826230657,6.851272326221366,-2.575448259770132,3.4969827159251645,5.413101869812008,5.862940789551211
105966,5.215618450373236,13.28121043404049,7.774476563599622,6.171464567613021,9.361899468475054,10.21756878826078
91284,7.347346801440326,16.100364348230247,2.6502027758719455,9.084425935577915,7.810702898835338,15.955883960191777
36624,-6.8539841288434875,7.441017201119251,-7.408969042187788,4.369668878303754,10.093062999235437,6.365873934915626
9291,-1.3257997126799783,1.0341087669169915,-0.5377807786371515,0.7303796075274404,1.4307176674710822,1.0128149793201102
80773,25.070780597622438,20.808679443084486,1.18261113831432,12.443801984051698,25.098657511480305,20.87287409730638
28224,1.9592861062501863,4.534837221406234,-1.7887146859174363,2.5295443777265936,2.6529798856685156,3.4817742752828083
112312,0.04143950230179773,1.507888532889542,0.06909354219218705,1.066583678151127,0.0805676729444523,1.2345306036998969
82880,-0.12999796250286139,4.7022546589016825,-0.8066505170884575,3.081711042382463,0.8170584599488406,3.1982459579844074
11397,2.256237800985302,9.445288075591938,-5.0274767428616975,5.18251917166452,5.510547288120324,5.524848746674538
55570,-14.090273714922919,5.5242362518425505,-3.444804185709872,2.6521042256811973,14.50525729655741,5.576354675187629
101800,-5.0863264785346685,9.581043035475101,12.166267706256402,4.1207385864169686,13.186689764551993,4.183443000722066
26117,-1.408083650808956,14.290144471722346,4.488869528261104,6.648755189486256,4.7045349620793075,6.470235290154356
9312,-0.03654875914806123,8.010874686159955,5.630644225278902,5.325175949434529,5.63076284383048,5.320920045527891
96718,-0.6340277315321716,7.13927086525024,14.006409926940071,3.1547711763054407,14.020752840195037,3.052745783235281
87108,14.250197823287511,20.552044358099664,52.016461609896915,11.340031350025036,53.93311057612668,13.066430870358802
99711,0.47317252726537723,1.1055668189773318,-0.05390470260627582,0.42257965453286267,0.4762330915862265,1.0753816401428717
110217,-5.902304159610163,4.9881957146575235,7.037716211890088,3.186911419886791,9.185131674159713,3.8261606108441564
19788,1.5516015986678948,1.9685643194719091,-1.000109336724087,0.8441291192797551,1.8459919302075674,1.5398646839366348
80799,-19.032146913773815,11.208412693935632,-0.5411648779504016,6.152032427869197,19.039839168769184,11.237615033218978
19793,2.8248666340899056,3.0912085549566273,4.226385454892107,1.392082187535129,5.0835229431682505,2.3714903434382246
28255,2.30929258250063,7.004738028520835,0.8277663213923643,3.5429695079785395,2.453167200666085,6.979650491487204
7221,-0.7524216962020817,4.029719706765858,-3.5259120541792908,1.7122855995587731,3.6053008505147592,2.1465401247036278
101816,-3.1515389474840276,14.11703579113476,21.154744514931295,7.621125446629798,21.38820734025001,7.416040224798707
80809,85.86877931856289,36.088432134637145,95.29963425494465,17.95969179908394,128.27886634510875,30.41434750474958
108119,-5.019810475436162,5.56881307637159,5.416066871667451,3.6291777958482365,7.384597319263405,4.420314553691801
76617,-5.315545646966131,4.741157134397812,4.649319530573834,3.476083955027921,7.061954235362608,4.14484024552237
80815,30.95667800032819,50.78979183725213,17.43752346950237,27.855131388707772,35.53003148838246,48.68340236870823
93427,0.5880931194387591,1.477433577869507,0.8154906582519593,0.9125801834047057,1.0054245525286443,1.202519041594592
68186,1.13956887973264,7.390791875404176,-12.668337541066279,5.364216564264907,12.719488719521879,5.349376316906726
17704,4.420076010177836,16.452984968357868,10.15753722376782,7.354371268512864,11.077573488268019,10.902407050030677
47151,-14.958031056594265,9.286050155564487,3.933634940000692,6.538874270334857,15.4666149150754,9.031187567981416
74505,-9.96114019340127,21.15019739689507,-2.092262391430144,16.2357015442076,10.178500668919135,21.081416167085614
5132,28.146425361681704,18.446288616233453,-74.10685832012764,9.374943517080776,79.27198566151974,9.612088514867558
38769,-62.16609061507812,3.810214406124095,-177.4123501173434,1.9209911249148455,187.9887358235087,2.4470695057755094
11437,1.8607801281791454,2.3794070838369583,1.9133623127869521,1.3639855867009156,2.6689807090760005,2.0550936473603674
36687,-16.93851300212928,9.419653629192371,-6.184432533813137,4.283341726234825,18.03220531406486,9.43134602831615
11441,7.018965393675764,11.626743538357672,10.9150180962322,11.113242249994348,12.977037228839809,11.27121031287114
99742,-0.6979244130081959,12.094501123595952,9.91116123121722,6.269348324176642,9.935704073564995,6.120040132199392
76641,6.948335616266161,2.484631172827023,5.8480093484965305,1.914493525925127,9.081771918319445,2.3007747548525908
15648,13.306921521608103,18.909041773497854,-1.7186704942210305,7.284915485466417,13.417450899852136,18.31367699105324
80838,5.149805622964445,2.7606578620613247,-3.2422223646147157,1.8345251391963628,6.08543374098544,2.4548888273508394
87149,5.213273136102429,7.98341952322562,-10.820416365419009,4.471608176728244,12.010812924720572,4.838724332152072
9358,15.859101894896563,6.628881489701478,1.9481822416195238,4.395759294995913,15.97831427151417,6.6467711877997315
19834,7.006793273073873,3.40021583939102,1.3982137387451135,2.007102990549811,7.144939022189683,3.4125410430289587
55627,27.902565974559373,50.35752734394563,28.083378173042522,34.85746203175108,39.5882472152375,44.62420176065458
95560,-0.41625032869421763,5.706007277479718,7.472888137762054,3.8609431016741005,7.48447202250385,3.8434936427390527
59819,2.979185068327285,10.0529848591229,-3.277984971226842,5.163967016426024,4.429529223623351,6.958671054682975
97662,-5.178884798701309,8.815151189258472,3.3625474357501144,4.212611824178827,6.174752870835331,7.088745650972487
5161,-31.904431796165856,29.11011521769605,24.41344352251791,19.0550790960991,40.17348619255454,24.894812637534503
36704,0.8183343521144086,1.3162271784711608,-1.0170803257418253,0.7844513344996924,1.3054208137078276,0.9572003336021243
5163,46.93505634127055,3.9073278878722815,-43.999242306231,1.761670484148807,64.33376125550774,2.6982429465788456
24069,-4.54767308306731,3.678718662972912,-1.206292395129865,2.0006922766598207,4.704941212491722,3.688401157949048
95568,-0.20406260672350454,3.8554897369510126,-1.442689953581796,1.9659411370140074,1.4570503936476036,2.139110524859361
99769,285.10631298836205,80.25959476381009,-114.00342989420353,53.02452991392285,307.0543791146129,75.40223230251846
36718,-78.2513248136006,69.64818040070313,23.374579547562277,41.115160738221505,81.66786885984561,66.09615590428442
95575,-5.316286934260721,9.398900231646188,3.646993297047627,4.924830825021612,6.446973466371766,7.648135936835041
47202,-0.344296155454388,1.8839957366071192,1.0502479437745615,1.2918264553091983,1.1052423200653179,1.3219341717661237
61937,2.7976393730551328,3.959237638320016,-1.0878429313670548,1.646333885492754,3.0016975705413067,3.48794971857308
51437,17.92494509321981,24.686557033875413,-6.245850363696182,22.93080670410144,18.98194677478126,24.482985223742197
68245,-76.07331162815767,58.40434099464523,129.3165802269982,37.874609118817666,150.03308523016,41.93394844297754
5191,2.1879928677148293,2.497435906039533,-0.2912401307289074,1.2220155630563232,2.2072910100206435,2.437589181023902
116611,3.060236098922355,9.002724088964118,-1.512566007038979,3.53510342273973,3.413634559644215,7.464248714180115
112420,-21.627127010494256,74.66027609219245,-101.55154412897744,75.54525671663885,103.82893978899959,75.50813177121027
55664,-0.9946346887257861,2.802867191274787,-1.3270346503897745,1.557875745880928,1.6584086129032714,2.2635599330040046
49334,12.434190811947172,9.597095270729683,11.797508748832604,5.69569854436593,17.140312535852235,8.452166198794274
61960,-3.615218717102524,9.978673910870626,18.301800212938037,4.277356408558926,18.655446856261236,3.8946639471557076
82994,-14.779425057293057,16.001833450920078,-20.842641981711665,12.679779748119666,25.55087336671589,14.06640599312507
93511,-186.53140330843996,6.310565901890706,-47.5787747186534,3.2611546938026232,192.5037771679929,6.345646005836386
11512,-34.76731926544983,28.81908189754398,-17.808791828444704,16.506499751946183,39.063020304305674,27.857867368368083
87212,141.17591506078463,16.24081860147993,-254.01593083413312,8.95755628013766,290.6109635075404,10.051087525044775
95619,-2.9853813026824083,9.718111351539395,-8.777214115544833,6.472088935036796,9.271029562703658,7.109819044692524
68282,120.2413322088372,65.18397308391178,18.440921151263264,45.24929520891783,121.64721757715242,65.25262780674645
91430,3.057498955605547,3.7937219663082584,-0.3532432265285243,1.6631500144985454,3.0778370068308187,3.704274111686132
5227,0.8437591094769387,8.893480311775022,-2.232051800299104,3.087419536010335,2.386207173328374,2.660777909707182
116645,2.9038301446371793,1.7539918170791362,1.5825480242794683,1.1652082590291342,3.3070663371112516,1.6818319265591608
97730,36.45775834202107,37.467275853128804,13.287484009010232,20.002170881755376,38.80367733366143,37.20538549898826
70400,-0.7239285350021482,13.177296066118984,21.53975763314752,8.37504543705767,21.55191943699046,8.335704022209892
9440,4.187704638984296,10.424584383400058,-8.703948476243825,4.787810853035361,9.65896418983308,5.160230849658359
45167,13.718511860178761,15.035351837229259,-6.785331490768357,9.922338474451372,15.304845347061761,13.805455491489212
85129,-2.163214053656917,1.6654461897780783,-1.5982234968914422,1.0649669458878868,2.6895749455917195,1.538538987786614
13631,-1.286741917230185,2.8154977013172546,-0.6029999504471726,1.6112385093506691,1.4210255809789298,2.7430552495082625
7345,-3.3649824689602372,6.715601242827419,-0.8601355186421835,2.4251663513372588,3.473174358830779,6.863726293101067
7352,71.97817557469205,40.82477159490496,-99.55115986097192,11.28147382224734,122.84661651313796,15.534736742090274
11548,-2.368894448246765,4.042288785207231,-0.42031554562948203,1.8829593390932293,2.405894026101764,4.092878562308227
78847,69.23940437231401,13.614385692763438,-496.4288536977393,8.25346986834299,501.2341787044099,8.150144004711224
106147,-0.3617296387351343,1.1011374649202275,-0.07615462172553047,0.6320476962755046,0.3696591104647759,1.105602921929399
83043,-0.35333411739866244,0.32014404124547546,0.5782335306151564,0.25927059807152275,0.6776422466505175,0.27415661452076445
19934,3.33571596864656,3.2244593413741067,1.2853974725468345,1.5250200663688558,3.574807363469177,3.2128785137982288
66218,-5.285864950549244,4.107487397213217,-2.264598473710716,1.942685312714301,5.750545584775227,4.066528421545973
57820,-1.6166705808540944,4.273462895774127,3.432603177276843,2.595956826511319,3.7942572843245874,2.783221922581287
30507,-14.300696548446483,22.38053678567935,-12.735310362437216,12.213164854034606,19.149361655113985,19.916430577217078
85157,2.0890637833273122,2.771703116961828,1.0304189771501124,2.075372780103767,2.3293670297488345,2.685933715894827
49402,-35.00677560838111,31.34462465375507,-8.131080295253305,18.42207313826798,35.93868118425332,31.406490339462817
97769,-3.3063488072178973,2.242894716013353,2.5334701110878193,1.258919777170512,4.165382724164316,1.8134130045822991
91476,0.08946099065190333,4.267254675221396,-3.434889573587803,3.2292139799305324,3.4360543726184862,3.2256864224747437
53641,-39.15938187059596,2.1291274299364735,-134.2732647883985,1.766240265531873,139.86696116461005,1.8071538157301743
66234,-4.082568364788883,11.70955677177679,7.29594185134733,7.128637940392258,8.360510268603017,7.90269582530448
110381,6.1101004131468795,17.072356223247546,17.112747152563202,9.999432601929078,18.170840436432698,11.725233648212173
68337,0.6808784730079773,1.2455686350320534,0.4799234466206337,0.7021045162224546,0.8330198134629831,1.1572336592827441
99873,-3.227750292147108,2.565341705308305,4.417305585034272,1.5565461984407578,5.470919536972803,1.8399523015616897
108280,-412.7251081590334,929.9145028616794,-1815.2412739281795,1743.9389017589092,1861.5700087499492,1754.306037279116
43121,-1.8616712840660135,4.869626285679813,3.408238383848582,2.0831757210804964,3.8835433370898276,2.350575443319606
72567,1.7799935110437093,1.3369966449120452,0.22532398037505139,0.9367517437093381,1.7941983712760883,1.3390914620914163
66252,0.20152142190352287,1.375837391708044,-1.577653746929791,0.6783177989570469,1.5904723288028708,0.6495908012514952
85185,-10.129700282878536,11.753879321425128,-3.9380897169552616,8.492541938012833,10.868273940223363,11.53587069980833
99892,0.2855010827068476,3.75024498500544,1.4533724617827155,1.60754517351954,1.4811490069858377,1.9695498825900037
66255,7.195925084563598,11.052247305282481,-3.685827476131695,7.12037655780741,8.084965182761083,10.051328061185329
116714,7.160615271484378,6.409199505365524,7.6221100753912445,2.936086136842677,10.458057805711155,5.464105904627
53666,-11.326891296479605,10.671511473874897,1.5000022152410142,6.1675879844424895,11.425781071243811,10.484939848616577
78893,-9.588146371153492,13.488586519843507,2.867643802776924,7.493093147427495,10.007793553739443,12.717914067101807
91507,0.23434722112876769,1.3905101857980149,-0.17490615162339923,0.8479295788571761,0.2924222664683438,1.1652873414457279
26327,-243.68894655123952,101.96076109884169,100.47898245252294,51.21553447707598,263.59121492558756,91.4277847915738
104105,9.38281819206227,11.23286674456565,-0.5015025035743524,6.386273687870336,9.396211044159557,11.166115154778618
74685,-72.18552215942198,25.69476418749193,-73.56745650217337,15.270682898277334,103.06755195320967,22.293045360278445
59970,5.300869647974707,20.31616189339037,-11.131361579025638,8.336622821203553,12.329088759021392,8.788793506728775
116727,-63.290555893438395,5.862949943498994,16.514961919534727,3.036501036959539,65.40977321856522,5.551482753372333
74689,-1.5413726484837187,6.84966885231185,0.8363050023263096,4.325039588775423,1.7536349957758375,6.150605855651574
5315,16.997028459473874,3.293228388696737,-54.40522875572412,1.1000857076904218,56.998490264346785,0.835423327761364
19990,-14.430650626195792,7.560791949834232,-0.48295481073618896,3.2959206313475145,14.438729959540701,7.597488478243847
47336,1.384775949099207,5.664839165842027,-3.9114432832103336,3.4647179274198256,4.1493364514070015,3.566314873675884
45257,8.41398264061216,5.5401413932556505,5.782112926011268,2.80737844873937,10.209208282999684,5.182832412079805
36874,1.5990900176485376,2.4349857232069323,0.9984912211523547,1.26379981620917,1.8852250802653567,2.3087197331726075
81022,-6.991718147291505,5.004199939935875,-2.4233837922239707,2.0486909950949377,7.399791325137432,5.050670481155787
95733,1.023752426398357,4.27582087240492,2.5780998063883347,3.049519741686293,2.7739263945274564,3.3224916659279975
85224,-2.037360707177136,6.579620633792295,-2.24003191126843,3.0804954634832837,3.0279665808344407,5.557600830758922
70500,0.36224996015395194,0.9081172942530003,-1.2457135275797442,1.2057921785824792,1.2973153920410834,1.175207740491727
76829,-9.428447085809747,6.800112824397078,4.762984503027947,3.445034170487384,10.56322090207332,5.892592018371968
104137,2.3026635284654677,2.2602013715680087,-0.3754967562130564,1.3518784260194499,2.3330788969195977,2.2118921891865964
104139,-23.56013741265485,23.44934310242167,74.78321059088555,13.283779914977886,78.40668760497356,13.437194080424693
108339,15.539056095437736,26.054923752155478,34.398987926756035,17.432299540383774,37.74589560100897,19.882865095113768
87341,-0.5126016390219451,2.2668890232341266,-5.176957907587151,2.0443013604337046,5.202273889104371,2.0477653930629587
22136,64.12915997171544,14.709312371207973,-55.562665667184994,12.72357810434314,84.85139347542413,13.822232605487498
116768,-35.161602587791705,17.327166741689535,-3.2400492107820607,8.812360941049695,35.31056804173631,17.46371472821634
93657,0.8320720544332171,2.3335680623407766,3.648510560688058,1.3604880685218428,3.7421882923258956,1.4946272829924323
26377,7.219961640420673,17.10391349532829,-11.91801046658617,8.716570464160016,13.934375463966925,10.146147623863612
9560,0.7825099725430554,2.279113882594152,0.7685261426970396,1.6032390695099685,1.096792728430547,2.033319809996512
53721,-3.6218477701939387,1.6701856738604446,0.9466599474157869,1.3306147221081266,3.7435205791473973,1.6419947184661696
26381,-1.7537663686774565,3.7398226137412114,0.6904941318528088,2.010205628614432,1.8848020113601525,3.410532505103792
76852,-52.31559922677001,67.35233554699154,103.22622688385837,37.54462356687706,115.72629709419473,41.11337073500125
32702,0.6782108197349053,2.240668813011547,3.2565736174636934,1.2208092687318488,3.326445797238557,1.3582088717815322
95761,14.689509463263429,10.487088130835057,0.37947983693053405,6.028100922090838,14.694410271186205,10.509195803572506
22152,-0.7769197060141818,1.0082592760840763,-0.4118893622616936,0.9429397065935528,0.8793503717731104,0.9951831909927935
39002,-142.4686287365896,17.758154087048318,248.70788234456907,7.335289969654447,286.6233083934456,8.459931087631862
76866,15.78742685685676,11.31866374020119,23.46213837672932,7.766780333548686,28.279228843258736,9.343111845220836
34819,-5.191004132632701,9.924671648185885,-1.6543614423283508,5.381089483933439,5.448250699708349,9.90250601415954
89484,0.18290653334790852,3.2609701749105806,7.250799442376208,3.8325055845952356,7.253106048687313,3.833243494099422
17960,-2.7483630570830666,3.4387387792018567,4.4227705486159525,1.2031631298774896,5.207148818618845,1.4484449437038007
17962,5.9961328918189905,3.1097101340034974,-2.3300275113494893,1.3243787266396267,6.432933845454892,2.7487542122606734
70553,1.221275284280875,13.171603767111316,5.92221732252715,10.652758061130944,6.046831512059517,10.825163374334135
116805,10.405332945549056,16.04229447827555,-27.466100528057797,8.363065047057301,29.371033892682522,8.598042446456066
64248,-4.842414907650846,49.7750701720491,-31.92948609463703,25.096971097887735,32.29459806849218,27.598662127388916
17971,19.28561050098366,27.08551802964312,14.081980692707498,11.473312504228064,23.879634683667962,25.305431554870363
11687,-7.334730498721389,7.150528831293221,-5.508276816156159,4.235367975009493,9.172752311726136,6.575831900108595
9598,21.342055448008672,23.398102900195063,23.161421985964388,11.984759046831572,31.494996414633725,19.849075829946624
95793,-2.495370437700892,4.259705913168509,-2.7779436606727654,2.201932878133395,3.734145766199218,3.590463493685328
11696,-3.617478842833885,2.406340004327529,-5.0745847621241,1.6644479402856271,6.231979114722135,2.0120012952875856
1175,-13.345885013880379,28.64818221093194,8.868538464751436,15.407779491383845,16.02384539692307,23.690240961496507
24305,-76.20139011277764,27.195229471781705,-28.750572967278725,13.110587746909864,81.44474999081613,27.0990434171167
78996,1.2312636787355458,11.566967705678506,9.505377395071768,5.863651537811059,9.58479053862497,6.337729918723174
22192,-3.8411967231820117,2.488819566492323,1.425448320850774,1.6245703894048784,4.097156963261295,2.3495292333881177
36948,0.2873597224531725,1.3339802410485484,-0.6566740860197205,0.8934072055492636,0.7167959719042788,0.940533498930317
20082,3.1611975318864833,2.901345916669784,2.349646525532449,1.4290185101650998,3.938782633067215,2.6808202300346275
110507,5.357957406034026,14.568015307740044,9.302691201894916,7.518606316615313,10.735351468987307,10.807646453976169
7513,2.0348619696321566,4.489992794927772,-7.120171908966414,2.8528808846678,7.4052353945495675,2.8876463268583286
79007,19.716760649978394,12.360797728878035,-5.944078836375594,6.012761137700913,20.5932688940242,11.48631372240509
110518,-1.8018769548100344,3.3596084827022614,1.8781125025782912,2.1589763755493747,2.602703811926431,2.667720214504569
3301,249.44940858623846,53.271017713994084,-66.58668812370688,21.43825048540639,258.18364487183914,49.26576979363887
13806,-0.35211060741083733,2.612568231095495,1.9146016669323687,1.312507399030224,1.9467104106341635,1.2605370944502046
24323,3.911311827630743,7.754471834972059,-6.163897571409503,3.30117839111492,7.3001365387088555,4.007425818202032
20097,1.325496412200479,11.804716203996566,-4.211586727761276,4.083068775681758,4.415246709325682,3.2640559238037437
60081,-3.40865655874852,3.2438874187521165,1.5267829518300307,1.306676175825405,3.7349706447973756,2.765809104258499
41152,-5.987178409950175,5.95619128780626,-5.037112267333663,3.243194341361212,7.824244711555026,5.362665043766644
116849,45.99276970798109,18.278503762666837,-25.720825912114428,10.20067166867267,52.69625936451922,15.85874285621422
47452,146.27399543801653,47.615070768017276,-98.73596559225348,28.172061190061815,176.4790997337519,40.3814140284198
85327,-1.8627336304227038,9.230410993055182,13.767269997927288,6.583322451606725,13.892713909590759,6.569752703755464
116854,-11.16609396816725,10.066174124980034,4.090812920940279,4.968899283133784,11.891862968436566,9.15785812256074
7539,0.8202583225355901,1.9363970632616065,-0.2495110194098326,0.6163552891743793,0.8573677533566526,1.726002817858289
112668,0.7250073131299065,31.179552427873126,-13.796125059220309,21.27542652312001,13.815162042254098,21.18806011807301
93746,-0.49604741530626006,1.5877903420458042,0.34274745907656873,1.4952099168140278,0.602941837108245,1.557188422436306
24348,2.6571713309128806,3.531732673202044,-3.522463519126181,2.254895114542807,4.412290643803979,2.642036725720004
26471,4.166013381116408,8.385437220065818,-9.441345986413902,3.708081387815276,10.31962603619021,3.8585230331655005
85340,-3.141934017446824,8.058246656131278,-0.6099654527598518,4.146160630473847,3.2005948233961243,8.128005823418128
36993,1.4916499752625072,3.9897918052321013,-0.6169279063556109,1.7090305998007567,1.6141932010577158,3.4903743374863567
95853,-5.458599323027431,17.43194642005529,-6.863396172974564,9.475314433096955,8.769407824736938,14.26793950992813
22245,-20.841877484531228,17.4571762897441,-21.119899847479868,7.325146027080174,29.672108564235707,15.12832807612067
53824,-4.941724049008317,6.457421652888466,-10.346078519532245,3.8993851413479454,11.465686953204054,4.761459311454463
68516,-12.979580170042961,20.85691421901661,-38.34645229014556,11.948692557203046,40.48357573919307,14.032500093051942
49593,-10.974868659451488,7.6576812939052745,-7.213879375638584,4.496647208929747,13.13346099619115,7.185746056009287
60121,0.6988751685174968,0.965902858471592,1.4373643871442874,0.7950306195323255,1.5982624573583126,0.8373103579845517
114774,-24.887065597489162,9.997934950141115,12.832612415366821,4.214090262086092,28.000749551695133,8.310678632590518
91668,0.9058868287936557,2.168000342044439,-0.5138532203891538,1.3353786561348475,1.041477833986941,1.9216195105269422
74842,4.419170560444917,4.210086943829645,-6.7815199284353564,2.761553666958018,8.09432399784373,3.110713212006917
7562,-4.967670262632358,3.019893025803301,5.728211228154462,2.486723658390154,7.582226039402722,2.7024721055265304
51720,-3.0910912877478394,15.28800823629848,13.85104361218871,10.194576287228779,14.191767137884705,10.226041717063838
76957,-7.064331514769582,10.422120409581808,1.592938207593626,6.622049776067037,7.241700897149667,10.118698183028505
20146,-1.6599977118533429,3.9787842886609064,-2.6361566234214706,1.655237625894786,3.1152711192715192,2.9818123960969194
108468,-0.04443426120201459,3.648557445716201,4.829159405660374,3.5958564416740972,4.829363826514485,3.5958573826438687
106363,9.5964132730246,5.474170754433539,7.393793378659789,2.71648659543757,12.114426450847604,5.022893307252037
97970,3.1883907862736574,3.834674828049031,-1.466049781796133,1.6837366882168157,3.509293058252508,3.298046179381576
22263,-0.11552644870204949,0.9196053620643072,0.5479288566849512,0.61099069055885,0.559975349759063,0.6117090862015062
9683,-6.040886411380112,2.1213603914975745,0.39821088998257465,1.3620080198235474,6.053997072025853,2.1097108975368353
106368,432.31327104360133,9.742502355270544,-119.796795442987,4.7466196392084425,448.60454357800165,9.128598774263166
97980,-8.084265066231154,23.31694244323273,-7.381565505323279,10.409476563999334,10.947275961190707,20.705434539124514
20160,-13.613129729373588,15.878829086786592,-14.240655157280749,8.350412212183183,19.70059796902982,13.606456031669634
116906,0.844866545731865,2.536114205092366,0.497309762300398,1.1156003318495036,0.9803654827543512,2.4452377440729305
102190,20.635412009467164,51.37662490897504,-63.12672177361956,36.473282299120676,66.41387829877453,37.297460961610554
20171,-4.4778169490963196,17.54497012613186,-17.64477547480294,8.014898373294447,18.204091468288706,10.031495338745485
91699,0.19676896085120393,0.45535196060054345,-0.21932094115478837,0.4271185005456956,0.2946518270492901,0.4394828082541492
91700,2.673374801796652,2.938380787666853,-2.303980076292804,1.4921870083355335,3.5292006209388957,2.20658001389942
1272,-2.7095931982394057,10.808066600772316,5.8278328494829905,4.937466631390603,6.42693791952733,5.256723053343437
32838,-1.939645829856846,5.11709334555733,7.112957577414445,3.0944152429911584,7.372678715594395,3.112325863406431
85391,6.750664276377119,8.986658834030685,-0.9032487220677574,4.2530439234967865,6.81082421049547,8.758561367129726
93805,-13.73447636053445,18.661175571651935,27.547504681345995,9.624882442921479,30.781501832543178,10.531836520712194
76997,0.09636024480404429,6.041153062810696,-8.079174963308992,2.3895390448620155,8.079749586746953,2.356959970768506
79101,199.60021930053637,40.757366865640485,-111.11476545318307,22.314748707041456,228.44416964881836,35.23373765227218
47530,40.71708905790732,13.734003210741362,9.460877573405496,8.622319110701257,41.80178878718617,13.730599663278992
20186,-5.18727409540778,27.947767750608303,-17.7142804041396,10.47030917886309,18.45815653789329,15.653772604200867
102207,1.8692755196491753,1.8842643721147663,0.5600058192616229,0.8950453693582935,1.9513578569720562,1.8955300066953367
60171,-10.106435190196965,16.13204831576933,-20.35836915112376,8.25146254455721,22.72890729329237,11.437356878872924
114822,-2.5956649878221123,9.517401492643412,1.6390207169072493,5.165534565213254,3.0698315327484536,7.988503110302114
116928,21.601609726335507,11.36042664268295,6.466128038695596,5.951618187939783,22.54862201070651,11.375242764137644
100108,5.389797579499335,7.536165465344575,5.389664664398835,4.503151499405743,7.622230850784192,6.56780928323701
5518,16.399751013559808,12.39771229371295,2.8684662303178348,6.476983894211016,16.64872162723702,12.503413148390354
9723,-0.5952046417008532,4.08988836437927,-7.100977902648812,2.347248261839275,7.1258792958770325,2.416734540524863
51775,-2.8291643011388183,13.394546449345127,-1.3858351035489065,10.359303514944818,3.150350706995446,13.00390206839332
104318,-0.7540923182366878,2.501941901593879,-1.7954679394974575,1.461738754040981,1.9473983532361394,1.7723494901136112
55994,-0.05361864102979685,5.508216548981801,3.3157422073945426,3.409416874685039,3.3161757107492837,3.3996768611981514
102218,-0.45259874459472726,4.148362273331759,-0.10422846916579338,1.507373874108906,0.4644450423821616,4.2405182057075566
3414,10.53572721933565,13.62073066359175,-13.649889147798966,7.376178595880576,17.24299921091021,9.192256914002208
30769,-14.63535757880475,18.20773542828335,7.943046937358674,9.552557645619169,16.651897372628763,15.666707952888212
5542,-1.7999356194892218,10.467879956839075,2.607975699089983,5.471077549033611,3.168801899985219,6.63001115264323
93843,2.29650110845787,3.5661814513091743,7.46242005099839,2.153038723276896,7.807792924936665,2.428200800564996
95938,1.3188627745817607,1.8416537210421065,2.5036581563617566,1.1207908520331318,2.8297885401729665,1.3907965642362667
53910,-84.97314748317375,29.16189231160587,-70.81045622061818,18.172933592854104,110.60992949717163,26.393672472434485
26571,10.832301317490565,11.076217443461822,5.912045137895991,4.226045091701387,12.340625168338411,10.879218212174074
53911,-2.793688805625435,2.536981292860612,1.8381149376486001,2.071763072691101,3.3441536547658495,2.385191523480803
11847,-1.347267667560086,4.8263775946845815,2.2504763111462713,2.2602800065658686,2.6229322894583693,2.6466417018256774
41277,-7.360508148109314,2.921466606775634,5.200835217311336,1.6162313314178822,9.012533892086589,2.39994667372515
102253,8.173339961601801,6.699544903429044,-0.6871765964788165,3.3674047027173346,8.202176406458541,6.612223644224337
87558,1.4641416482069702,5.485910287946273,0.40465761823400953,3.388251323981212,1.5190321109209788,5.468457014923582
43394,-1.2783687485394721,6.053612612365315,3.9964038529360204,3.901479468212459,4.195887321295014,3.9832442390453617
51814,-1.7594427789839404,3.048453070975532,-4.943192005052068,1.8587555658152817,5.246978758421784,2.135077826714068
72845,0.13810691372854744,8.207365559920106,-13.02942386726555,6.808158176189856,13.030155786961597,6.806807517399264
95962,1.3720351248294058,2.1788248537315673,-0.703367197551202,1.017696452436355,1.541818990140112,1.8513602852604412
45497,-1.8081998585493497,4.140081905239362,-1.1363399812696666,2.347236171920576,2.135615902143884,3.910941702765619
79165,-0.3355871766752293,1.099636427902463,0.1353278612560585,0.583014133047678,0.36184580028099067,0.997515233584197
22361,1.5205673606420844,3.002764301720788,-7.437118257882123,2.320320447256797,7.5909718139361875,2.3320053929092093
20252,-8.585783215546819,23.114011564380608,15.233528204422209,9.136521487763778,17.486453470595244,10.420274681523779
32923,-2.1460959531012556,26.921201372735943,-16.717385591948542,14.832270632489228,16.854575309683906,15.704670673604447
41307,22.451349663291225,14.031700763430106,3.467125064081532,7.67110020430396,22.717483529505405,14.13419483540445
110689,91.09194825549334,42.285724386344846,38.940975299962325,25.52271098899471,99.06635450188803,41.400686740635244
5590,-17.695644947008983,17.201584532065702,6.387518718549705,7.991737949163626,18.813193388428967,15.558254865181784
70753,15.935442917610926,37.348507498893525,-64.38591212161536,25.37324788670006,66.32860635286114,25.567780125639633
102283,1.4994501252085295,5.362104650538213,1.3840915446008661,2.833989586818651,2.0406028721491807,4.733384138753793
53954,-11.430920775932321,13.761706841979775,-6.827320895368515,9.004306189930208,13.314588254766901,13.07175036016071
16090,0.1239387233761261,2.420629963477955,-1.4534725104255126,1.0486683724519896,1.458747115066469,0.9872787792619938
64457,1.238818444286294,1.3743659853280494,-1.9661478548275577,0.6108193844819946,2.32387790663514,0.7354612837438671
24505,-10.130275301431269,12.365692988465565,5.787720250546343,7.144054690447746,11.667055471770611,10.77480648272417
87601,3.881304524309394,3.8556862004063506,-3.3320280833665743,1.735531366015043,5.1153627397055725,2.7595369873706637
16095,18.005216579641587,16.636073354299324,14.012841863797593,8.185805408625315,22.815511416130885,15.239659941460255
64459,-3.74736000465961,1.5352261437350063,3.1715237495379633,1.0192105980128554,4.909304421036224,1.2944108330070794
83388,0.6453975036133732,4.59081631353648,-1.9011466258990461,3.066010735716082,2.007709249577165,3.1462925461481297
22394,-1.7453836851891729,3.520731474210001,-2.63466591539321,1.1919800873379875,3.1603526218223306,2.6953737353260205
114924,3.9933639223814237,2.120924090408042,-3.028185056559246,1.1962274655026164,5.0116723908637795,1.7224352352145276
53977,0.9542967064153667,8.339731930052581,-2.578825996005934,4.741747205456352,2.749731936307831,4.892811935160536
3502,-3.7493824921612564,5.3499705657435275,-3.306529678889057,2.2065965145657622,4.999100678111967,4.8095979715539805
56083,1.9916372017894481,2.794413893338974,-4.3476473660555275,1.7504300974960447,4.782118397020432,1.8639510808347601
53985,0.4715699561279325,0.575294137993551,-0.5949832805034581,0.3647779205310611,0.7591991356693952,0.433408793691015
89728,-1.4855481621067161,1.7515512099242099,1.2352572963201598,1.0002999290838743,1.9320232736824972,1.3947736350817665
87625,2.3812516604658613,28.307252483529393,5.014136962325882,15.79528389332518,5.550849389727129,20.29053036172169
28767,0.7167278935426556,1.532237261632128,-0.9719993319572781,0.8054131063148955,1.2076761050494818,0.9973912939869931
26664,1.9235655498926805,2.8773544829698854,0.25401883765814726,1.549686039460384,1.9402654443707248,2.899519367240618
56115,-6.849047948366956,15.83118340643345,-3.3032821181108973,9.09167052724961,7.60402068322153,15.385084915437513
11941,7.119671527252935,2.3558751552763226,0.3705007921194059,1.4536928182019753,7.129305260187507,2.362859998206765
110753,7.729598126092472,3.032648573304531,6.561980377462317,1.922485732439595,10.139342861600683,2.7387887444080348
98146,-0.9679485761620971,6.908162157103655,5.20924175606798,3.8584360905374937,5.298407696587385,3.7832315582685863
72940,-17.299169550300824,7.5438098462742955,3.3601723601692406,4.049627942737361,17.62248635749509,7.290470252402751
45590,1.2848219226189483,8.309842878085325,1.3934096660713327,5.9362515079354585,1.895351648202326,7.320195803026091
81347,-2.048485109419637,2.7318629583957,-0.33260352202068616,1.2048472640924224,2.0753111444731718,2.770838331798963
77152,4.557733124064395,2.004073838422314,-1.6313288418691718,1.4467152439586297,4.840884735304901,1.923364929115226
64527,-5.790133239634612,5.2601299249431595,5.877845923014146,2.2449953063594807,8.250740307839996,3.4116535154703342
64532,1.2898258984353401,0.7592898799885133,2.103285263486128,0.4059577871648125,2.4672778011145082,0.5770247541254853
16168,28.025171436843802,20.85516211165771,-12.682001594600715,9.010492052449607,30.761069528056737,17.947558394389898
49813,2.8496678694160544,5.005445694297853,-5.324711808876573,2.531999343647853,6.0393015170275985,2.83138047380164
47701,0.48328130158645904,4.8351705208526505,-3.391414138771527,2.462620391816895,3.4256752147748215,2.371270439985054
96078,-1.8688616611151012,4.1829153294289485,2.5076540639000644,2.5491638168521025,3.127454685935578,3.0243615471194127
9889,-11.14151549869434,21.638596643642604,12.20509251662815,10.713956866200718,16.525666429741907,14.697422090180558
96085,-0.33495098810208535,1.0443081131606413,-1.2404007439353075,0.5275880891977514,1.2848292376755082,0.6330479646817601
87691,-7.663442469718396,2.7720485425362353,-2.636547378361717,1.6877963925449582,8.10430333619304,2.744834351321985
83478,1.9786156704732925,6.300843503208453,-3.6704073510826905,4.054155717221841,4.169749404259725,4.423369854578501
100287,102.27739529978018,61.394244704162446,-462.7673399448049,45.07069022427228,473.93488635982277,45.34484957848273
108692,2.5658863623536363,4.192822821784893,-0.004333667820633625,2.820870185894654,2.5658900220370233,4.192440426772618
35136,-0.5405656486699203,1.7133378070765914,-1.6435798347303443,0.808670005317099,1.7301924441096597,1.0580925485346757
1473,-0.25325504178085273,21.4247365441464,-24.290339577403827,11.194395285863907,24.291659780710297,11.244636037356257
22491,7.309964862582558,3.716805674006667,-6.799617394651753,2.9951470064886156,9.983505546943034,3.362741485158575
3589,-0.7367737127190903,1.5567328002280083,1.2087503245409887,1.1509549416949592,1.4155962880820994,1.244648962831077
106595,12.270116995468118,8.61907612494217,-4.867220769121398,3.774187719939824,13.200212464117472,7.621018588302729
81393,5.15913916507317,6.235410948078473,-0.7022957224478366,2.865637147921092,5.206720292694857,6.066691322809134
83494,-4.266439060571186,3.2495166277116803,-0.4686645945638571,1.6982188790371415,4.292103069564529,3.275522470566174
24619,3.240401168628965,14.818442798945153,-28.679774457991858,6.91840456307386,28.862253250481572,6.562486728734709
20388,4.878662922654684,10.33490084929118,2.7484885188697388,4.061811146622065,5.5996018654226045,10.093593482972128
81400,5.086744429613847,5.528983882238111,2.0315491083719057,2.0807426938562927,5.477422812959959,5.5727471404513835
51968,-8.506365471604509,11.272259331385282,-18.75955955819474,6.81830330227526,20.598041857272772,8.227510376236099
102409,0.07369248723031228,0.4562286261659409,0.40184459906384506,0.22507519709741428,0.4085457923794738,0.25546553348996065
115033,-92.61204200439352,47.42771100070252,-51.36583466753222,24.416502879758802,105.90297113544928,45.66247893572691
33056,21.736663183944003,8.890071997535157,9.208754559217606,5.050220266842534,23.60685677730387,8.728343021417606
58280,-9.898217353055912,9.904886139487216,8.68083965489066,5.326206565324655,13.165549129537263,7.575955620211078
94027,16.926872172686203,14.457581435892996,-13.876253529531875,7.663442005526664,21.88765436419134,11.224217821654868
77227,-2.2624106161587987,19.417312213687357,-22.597480527342878,12.339813364172986,22.71045195454614,12.628015568668907
47760,0.431925393725218,3.7496945289783916,2.0619751560987525,2.600242085618158,2.106727578523896,2.707986721732212
62492,2.061519418716624,3.2511605713379055,-0.5627548238679363,1.7543258336762118,2.136950000709507,3.0791627443251306
91949,0.5003362088484664,1.0745008475195368,-0.8060733958650651,0.6628627721610322,0.9487310690634592,0.7499112114502281
18327,4.49236736068247,2.9013722947047755,1.2311262923899753,0.9506779578885081,4.658007777058672,2.977081536263432
35191,14.56245353111362,5.844911127475514,-5.528296110536649,3.176353365546086,15.57649224734562,5.363553949536113
91960,37.612772698664585,76.7942793845257,-7.749816769535012,43.72022808603716,38.402868773605626,74.28881672524675
14146,-3.3221932298315893,9.260149567659614,4.758083013372942,7.12239028429989,5.803130346501531,7.749922834353808
66715,-7.397081865286051,10.978585277299956,4.8374072437330895,9.867566754428655,8.838400814823071,10.63137174005066
28899,-0.7084727961229526,5.589148806842622,-7.935276004815156,3.7286793733006753,7.9668399617063645,3.787707978885202
87768,0.14440990569326909,0.8210422677563392,-0.665090397164818,0.73271997407141,0.6805875823604146,0.735825731010332
85666,-4.169022826202241,8.752107568000135,9.660583758015624,4.998468019659164,10.521769331772608,5.287928466093356
16268,80.37386936084795,17.068659272906118,75.58136690034884,7.723579736010369,110.3290618946785,15.039688994803731
9982,7.886736088579788,6.870143541379455,-3.374418605567305,4.674219592310832,8.578304439486022,6.444553681498687
79369,-11.117434083664543,8.529047266479424,7.623652347174938,4.441036348566177,13.480260224313625,6.927599873393579
115100,-4.188130404290422,6.281320063811276,0.657683838362358,2.082597179130232,4.23945566253321,5.99233072623524
60438,3.563938151497591,2.7012644382729745,0.5360374540325273,1.5920061931557483,3.6040243200935453,2.7152261148188552
75158,0.6314271314494113,4.888807454401943,-2.740263766494009,3.550967577875779,2.812071430865575,3.575895522920336
70952,-1.1533538410773647,1.830362900982262,-0.38765238031954796,0.7955030042875141,1.216757761715668,1.843317651927103
83567,-5.075875256654668,15.052523309463647,1.1971565532093729,6.17917238989151,5.215140787554181,14.108838184434559
75163,-5.517848937389456,6.187813626898658,-7.761254096730812,4.459869902899808,9.522800116030513,5.241920211034421
94094,-12.378487150872528,68.99700929531075,33.229202815833204,39.41613557524509,35.459933219340584,40.7208481384906
54158,3.3294834843779832,7.622163272550226,-6.503932079378474,4.656876243196696,7.306612947591665,5.067586790338793
110901,-43.16839342193225,13.657922294857485,-7.96104124195293,7.705618500366746,43.8963366157906,13.73591288369438
16292,-7.785998461765809,16.76083077797343,-10.09774356591225,6.933079788660238,12.75092926690215,13.475748378552026
85699,0.6080527107043174,4.697767216397998,6.5961222305097404,2.9542325726360583,6.624089113139984,3.019565561689251
75178,-1.1706851048979763,9.42100948340246,9.230053003577519,7.93551987438302,9.303998176250914,7.943879728830062
100400,18.902765196660948,17.68141742255771,-32.65687443380227,10.939860693127892,37.733088660553946,12.181911920914475
66765,-2.0472773643692155,1.4124031988409285,2.603882708333501,1.6727675615092923,3.3123329792484286,1.5679124594870857
77301,0.1823212203596811,1.0914473370749065,1.1365349531323523,0.6781700078028658,1.1510659090968691,0.710615650321658
79404,-6.028356614539338,71.24126640168055,41.68626242630332,39.77218482775415,42.11989504434559,38.89874154169442
94112,-1.739517205690454,4.212402038067094,-1.4885789816057409,2.554203325618931,2.289495030213324,3.789382929934083
12110,0.9438299634725974,1.2489685948745692,-0.16812652355075342,0.8901837117966527,0.9586873984099022,1.2304848451496662
87819,0.15529089268904278,9.41842852964422,-3.0442253541113264,4.8640488710576575,3.0481836014200967,4.772048051666239
89925,4.351761350830208,4.704556452689477,2.729831862273778,2.840102727394521,5.137101210883886,4.441342559819811
106711,116.93624959764877,24.806851099801705,173.1637268478412,14.78801799809126,208.9491870426812,19.73532359927252
20507,-6.169616529688233,8.626250806795332,-2.8668838055597083,3.1781339449773585,6.803175058601887,8.621770127082144
3713,-51.03046305066736,35.634327222994436,-25.362711091305354,15.158597228473598,56.985746227162366,35.0840008691189
115145,-70.64060178243233,7.992634748043556,89.58277381129462,4.863924824059537,114.08403912866056,5.8583768751420155
83613,-5.575281295807087,9.977116211745564,-6.6655136947967835,5.635795240368173,8.689812100551991,8.302910053245151
54195,3.5652762883920395,4.086272991013055,-6.823751732377812,2.628786381685562,7.699011801374232,2.8526196864946116
92041,-66.67467455547225,53.51322201852658,12.81570945422226,32.18422315923707,67.89517387777411,52.0981113591634
94140,13.586826193505345,9.891406643817033,-7.72888164388709,4.736642569602198,15.631297370267696,8.24531540202498
7943,7.6948434862135455,14.957036532460357,-6.381918721276075,8.970833721513223,9.996974684488157,12.154443055940858
43674,4.612419792103507,3.60098030044075,-2.8354410820225096,1.7114008474580045,5.414253639072438,2.9361590536069513
14234,-2.2853350389153495,30.696260416635273,10.820006700114323,14.462284430139547,11.05872059646201,13.681341505102145
1625,-85.59404245859295,31.57058117625346,35.980801558603005,22.846968305431165,92.84911515573522,29.97042493491037
49986,-0.6365184285894404,0.46572660987222664,0.7841663365787939,0.36043145097889334,1.0099864124617601,0.3987943224860512
49988,-3.039730413516059,3.618054245603301,-17.164022720332195,2.559979390209253,17.431111178893165,2.635245299348222
41578,-4.572849689571021,9.201183287870032,-6.893149284482374,3.812943726987919,8.272028852800844,7.024416276996408
45786,15.327449246058386,41.07208778475004,58.413466274647604,26.739507067967462,60.39092433975397,28.77565693736288
29001,4.5273129249268145,3.1366697159398207,-3.5590994898002877,1.5212898016547431,5.75879774766453,2.386807460572381
108859,-2.605679242634365,2.720204961732579,-0.8676662265104425,1.5488457016827093,2.746344660839653,2.7040095040279124
113086,-2.0403842612632905,1.6863151734907207,-57.79481498610266,0.9768196723786667,57.83082056491545,0.9870552356979846
79463,-167.90813414532744,10.406903769240149,-214.12467245906615,4.427653001221989,272.10754651032306,8.410603038362733
43701,-1.1601782152748854,5.546054577067671,-0.630381115953288,2.455392615660299,1.3203764018449176,5.397137350663967
33212,-0.43619659715203857,1.7019992965723187,0.414490731338953,0.9329022175461132,0.6017225587701677,1.2805692202434844
14264,-5.609644955360345,12.412721369948462,-18.356865805458607,4.416034067462811,19.19485969536676,6.990536183021596
71040,5.757755368848947,7.400282659666502,6.4607707515726815,3.148206718512754,8.654091840966672,6.2246228271184805
81560,-1.841641292846721,3.4716439392858662,-2.797175469540592,1.8895994782629484,3.3490048161980557,2.699073544208869
68940,2.633470624956115,11.186247100196088,8.255477145109012,5.1850930083224664,8.665337294411799,6.810767771539943
75253,0.39245867376440813,1.0571482393162275,-0.7900464787030942,0.5901617957384608,0.8821548895313548,0.6431632778193752
10085,29.316997318883644,28.03303869924639,5.229844303166113,18.249172703353747,29.779818723941048,28.07908865232583
20563,0.5672548220643011,2.75169611756018,-0.6388162952209389,1.3697229027771143,0.8543209538545848,1.8544532159127314
66837,0.8609578963670126,4.38645901435498,4.588083422467076,2.4787797039753094,4.6681643063236224,2.6924915645238467
81572,-0.24456316500367745,4.957095692179302,-4.0990134758449575,2.14142836708388,4.106302791664927,2.264497580917241
33227,-3.0905292536641333,4.6516790497979565,-0.1656657946543098,2.52699975077813,3.0949662717503448,4.672869319172959
85790,4.6039766120169325,7.015136736450881,3.4732685621210577,4.35116984736533,5.767165261080819,6.453032929277948
1670,41.907395138216316,54.90036254749676,-107.7617576562312,25.376843031955378,115.62364023170565,25.707835929025997
90004,-2.2026606483138997,2.5157433798668225,-0.1062648870034961,1.4609434202145393,2.205222473547845,2.5244358238891818
106787,3.9622669377664494,8.978405805931004,11.378048645013866,6.097327660734206,12.048217721074723,6.66730499470105
85799,2.2291722853279805,1.8018733350425364,-0.41278785730828005,1.2175878484413813,2.267069229824165,1.7683712255070665
106786,-4.62552667001983,13.41537949174446,-6.41202132626715,9.151522085421195,7.906295875033357,11.194237699934973
18481,-0.9403817141293347,6.087335905173349,5.233384453850778,2.6591424855217958,5.317201388895839,2.441958388577452
39535,9.608407506749593,9.314807192009052,-9.687440278967497,3.8344098537907363,13.644339264849867,5.951650089595583
68969,1.186207019562886,2.7658994677576425,1.3005750814887471,1.8611045696675956,1.7602791357764047,2.402586558578601
96305,-4.919105313876248,36.070124368326724,-5.476410642097165,19.651991900556645,7.361295443730039,30.47503078006481
98402,32.89101027204495,13.888836011036975,-2.245444785918914,6.665808364925635,32.96756859403461,13.735566565809025
107302,-7.667389114856255,4.217627622912465,2.4088865481213992,2.8451168817146772,8.036889338564793,4.047080647697753
8016,11.049692369959601,14.628439418250693,-2.6124918966585957,7.285089000664844,11.354330248008917,13.906746756396608
113136,36.485879594926935,29.451308680112543,-103.52256225669733,16.24372703279917,109.76402099963029,16.608895877550648
3801,90.19301743227267,22.847048554967454,28.147687206318377,10.902897133714486,94.48318733300111,22.951725331171744
104717,-8.615414356994567,8.203142782997169,-2.9159983124285502,4.6825346058513215,9.095515966716471,8.148173133368967
102618,-3.9192490855979716,27.18336412909389,8.942666615910714,15.522688430535807,9.7638004689918,16.468225539550144
83711,2.853943359845053,6.987421302296528,1.544870377644312,3.32867706864885,3.2452453196833284,6.77309438499471
64792,-7.223844616224911,6.617986943727514,-1.0107768673251154,2.8712863449291914,7.29421695008321,6.71129809043533
60595,3.4271006477795836,8.961773832880684,0.29121499060066663,3.975020376266207,3.439451267391615,9.05256171347529
26966,-0.27584803277475123,5.36087873591594,-8.302803050324037,3.593546806639588,8.307384102691763,3.610358068688891
85840,-0.6269020529551695,2.3302620640000993,3.234037153718899,1.6176407426503885,3.294237771569266,1.619806312427523
3829,3.3934007617408644,0.39566646934811317,-7.391482336366539,0.2575706493397926,8.1332146079273,0.2735234634708187
81634,3.479350334350404,7.352315709815422,4.628732753077022,3.671186318632567,5.790599765875056,5.885273085770028
58510,8.418316198299651,15.684669417522532,-37.82334863015067,7.6329188965956405,38.748854811626046,7.3057968793943955
102655,1.9938782687330823,2.781314003058829,3.2655169499940664,1.2261623836257904,3.8261144129814757,2.0667929012715707
16449,5.8345976337500005,2.478543240406299,-2.6923238396332483,1.7043840977301805,6.425818018370784,2.312293647046982
117371,30.7492896439351,24.56372479047331,32.669691145357135,10.759390164158406,44.864546505449496,20.97436143062552
94260,-1.959375077372798,12.68958290079958,2.553122564373731,7.27449695574103,3.218320295207417,8.878449120865051
98455,35.602718483234625,32.848219338002394,-9.903190163836932,13.005568431405441,36.95438727428142,30.199488918010765
117375,4.889209723973498,9.398240198382073,1.269573900467878,3.8789813895156597,5.051355225456454,9.545067879437203
24873,-13.213769917058821,15.388826740238134,-10.582931791532447,9.960209307223664,16.929328419201894,14.050613623886989
73249,-4.030500956368137,9.885888426990071,2.587705285206975,6.2920021530776475,4.789692746134409,8.65378783468109
10175,-5.1066198382545505,2.840002234091464,-0.5830494361540985,1.914805483584853,5.139796962668325,2.8470122450523907
85871,-18.077909712856076,23.993337352005664,-13.770712647626056,11.114231374676171,22.72538990665868,22.1271432411874
47997,-1.5223402215327129,5.454009063267492,-0.6269822602954646,2.7441038604593224,1.646398039606911,5.395387080766783
77464,4.783226799438631,6.526684366692709,3.550562274511675,3.646843192621299,5.956991781096685,6.013192058537052
87976,2.1598799915029354,12.405239524029707,1.3502846445972043,7.202748840116824,2.5472240182460824,11.72135919528854
108972,-9.87399384012853,14.294166922454336,11.270509140603899,9.33353436362915,14.983995816981938,11.21670284885793
113195,-3.5946714101798514,3.237397054489029,1.2675700121892874,1.6081089443961787,3.8116133438435162,2.962278381621577
106871,0.3516687963005779,7.003371392831155,17.0866104197125,4.966316643239077,17.09022897966318,4.9759415257655775
94280,85.2948703851,28.78543457798686,41.44793762425771,17.234918848969233,94.83220153152286,27.91963182218547
31235,-6.238429558653447,41.55019859325337,-9.712758708441878,24.52029979095577,11.543642626428392,32.58421397687268
115312,-3.285714286527308,10.948763757210367,-1.4255556962413318,5.52227777202858,3.581637532718207,10.792034035438755
50141,-4.809965165211667,9.174643534873333,-6.681380354231867,5.9137081147790695,8.232654998751329,7.537198953403359
60661,-0.02146774425536917,2.4276963807193375,1.7821213223005732,1.2300349876094763,1.7822506197058139,1.2232519068939425
88010,165.2158670135276,687.7915638859583,179.14416652840868,422.30011575120693,243.6984101593399,590.6978968287375
83796,11.755902209728117,5.698086418863045,1.8590378578474285,2.669987585015134,11.901985486531244,5.7675489870734316
104809,1.2951414302533664,1.3807596701285245,-0.5367864931871819,0.7314143633317582,1.401973988213379,1.2475164193012664
98505,-0.8203854161498895,0.6122005510569569,-0.274994372354532,0.4094042751084908,0.8652480198521637,0.6051904801826766
8122,3.293663270356679,3.3264217557896227,-4.030255499977909,2.099765043372113,5.204918552061967,2.517349981391994
8123,-30.831888075327846,26.099435769078113,-222.13310891502738,15.234657279447125,224.26262149218036,16.02053774709
24930,40.088129216535705,36.40628116583206,13.264093722520164,19.67690618231796,42.22551700525954,36.28087536891873
77512,1.5902448147917518,7.741592711794397,11.025997365597933,7.54155369097863,11.140085119833897,7.546057541354717
45950,6.876565062360471,3.994644565538792,0.27328153098654445,2.3531756208348193,6.881993159837854,4.005953675570961
54388,-1.8972334426396158,7.9753064603857196,-6.857368793186113,5.844395133322545,7.114984293843026,6.117012085033805
88030,-4.248447123732332,6.8948159467180306,11.195049770002262,4.016993673227988,11.97407375607722,4.164381140777247
106924,3.934312837563201,3.109875923968602,-4.753229056422946,1.7144229643754538,6.170251531877608,2.17250867062755
16529,-0.5618238926130669,3.5051463317960962,-0.3934889493886046,1.249486297811564,0.6859151839709097,3.3387594917045926
92247,11.44769916094028,8.98847640757902,11.881137355513147,5.825453596229472,16.498825441223467,7.841743267859407
20728,11.740672506709249,9.160993971762837,3.0057511741347613,4.643063940014427,12.119320568027357,9.219103101084519
77542,-2.961602954562798,5.129446318721194,8.224027859077633,3.0972629602766477,8.741036911451646,3.193078721692022
45982,-0.8111226945562764,6.092871703437425,-4.422287942635611,5.051778674558045,4.49605946059486,5.107878929355795
111169,15.518430064941574,12.571218813930495,-2.6044869505963857,6.11829264934467,15.735470248972842,12.16283035218964
92265,-1.0007635968616648,7.285753242784378,18.613624225615794,6.710974326669753,18.640507895152286,6.711382406399507
6061,1.0415537335345635,22.697221895996588,-41.15632225111171,11.364747338524914,41.16949957695858,11.23194285914321
109056,-2.1663410843611253,13.85315329598782,17.877454815162682,8.682613834611523,18.00823212761248,8.595422916534808
22852,-25.10105459227131,16.5689538692489,5.460334373390218,8.964855419846621,25.688094384625174,15.929451945746736
20752,-42.2264370313152,2.4799664119015112,55.43034156034521,1.1576125664644557,69.68209777163831,1.5045063885201055
90174,-6.327842663252007,4.331303603735673,1.1599879555459822,2.379023993133672,6.43328569456417,4.202178215723337
117481,-1.627965250831992,1.6991673633101512,1.1729943603366446,0.926918458634923,2.0065359770754285,1.3824857132853812
96471,-78.64524520495335,12.636020300616574,-72.37706915890939,6.509990398962947,106.88084362214208,11.161710515935448
10272,-2.0332949868481434,1.9491194011509718,0.1352047390549584,1.2691993990527624,2.037785274508752,1.9387698937727715
16563,1.842798317775577,2.291005395776406,1.848521368561464,1.1789833799906202,2.6101603188357694,1.9828425872964937
37609,7.6770445398037115,14.919706164630943,-5.206954458902533,8.258090793250128,9.27628091441904,12.382795660279257
20762,-2.569446565720702,2.923262271508064,-0.8476033444547263,1.3055774934817688,2.7056398658403795,2.941535826914039
10280,-10.986676279153297,16.423972988086984,28.888989333566972,8.374784054624856,30.907616543141206,8.592602890700313
111191,0.9431520524249982,5.528416154370699,7.976738375430453,4.124417206640008,8.032302963911306,4.1746294203851475
56551,-9.05749347113686,15.384102137664316,-6.586037896274627,6.3672665730979965,11.198842938038393,14.405176008763783
92291,0.7278124014255097,1.8261369449496256,-5.788548447531177,1.3600878930570073,5.834124100589939,1.3586995264353103
8190,0.3142965775367651,3.2024506289822776,0.5715842167286709,2.1170099122039066,0.6522966008378795,2.513893357742692
10288,-2.7688891684062678,7.782892613325455,-1.5338215047300356,4.350109739817488,3.1653365753565392,7.469184415829573
109086,-7.91607357124307,7.11735053506501,6.172623586222307,4.708166344836701,10.038202165852256,6.088481185783091
58645,-13.889491444336587,8.788328451696396,17.027706825009634,4.8536082939142435,21.974093207702083,6.117197723315495
18673,19.231709980838332,19.405651609433573,-35.99391658729312,13.026980145096646,40.80956628145038,14.097311020895635
98589,-0.39354304397155865,1.8952786247848876,0.25462841595438407,0.7256435262023433,0.46873420791514564,1.4364951180441239
64955,-9.233066355797371,4.347860595181159,20.912789111295883,1.8824073822327727,22.860320705189,1.9502015251388458
20789,-140.76999995100377,32.523988202771825,38.80024795431062,12.570870967940266,146.01935531812757,29.87125151321171
16591,8.309971258531652,7.393579525103438,3.815029945081991,3.135898882645552,9.143854537310533,7.330390913039065
14501,-2.0531487206251176,1.405890524079241,0.3698579680433171,0.9861479735106016,2.0861962001522505,1.3835568498172024
48129,-1.7876930180921637,6.407539260849972,-5.011476926647539,3.5912291746927236,5.320784464085737,4.311111615417595
6108,-0.0953308097848039,4.334130991670902,0.6372158727895977,2.364960814125187,0.644307404760519,2.3053012364147154
73390,2.6984759127140254,6.942147177727665,0.6377020689061131,6.883204008156272,2.7728029465118738,6.93909807349662
16599,5.765130226378106,7.331917688886217,2.0175358361943103,3.076260918165811,6.107960165016365,7.387197908887803
81800,-0.4979394756694779,1.0441658350765628,-0.7110851640155399,0.6181827355143052,0.8680932161427146,0.8368987672373677
73399,-11.858799310199247,14.413785867378408,29.463555323182185,10.459674580335626,31.760544916008595,10.84900257736889
71284,0.881345208581646,4.017249235680937,-2.04014361111945,2.6704888975359866,2.222376055189881,2.8085097094382037
16611,111.40098589235161,39.17413228670157,-11.47160269430341,20.817216735262395,111.99007690935778,38.583949295451326
104918,2.5496770083066806,11.955794758593253,-2.925268572812391,6.447982034423442,3.880470212457705,8.385202591675203
22910,-2.4401142615487443,10.46867906267195,3.634200984392381,4.421571585236437,4.377393562883297,5.532313443239767
20815,-3.813333595611497,3.6474905052939257,-2.8864047326175157,1.2891879270470228,4.782556365783481,3.4263554483676746
77622,-1.5384452079908355,11.352484836205353,-22.485889905855927,8.049263428616829,22.538457323345433,8.113710410569311
27161,-1.4042559594709356,4.013708493131943,6.668747564829346,2.2609982066791368,6.814992948134794,2.227026014680027
22923,4.2374202858919565,8.021486790705467,-13.646487044972597,3.2212860077517056,14.28923858530935,2.9320531128667118
20827,-0.33602912312021593,2.8286254045084376,2.7815253832504405,1.1409065982714945,2.8017492802268107,1.0290182942626542
92346,4.571073095521771,3.703838100255389,-4.695452018741956,2.921293266919389,6.553012963890038,3.2788004307406085
43970,-6.090648165284574,8.462979635502286,-9.044718733008818,4.138886308527086,10.904262103990575,6.54169258012626
102843,4.16518185158827,7.113583453117572,3.070018745334489,3.7398967489140844,5.174336184816893,6.568805509716502
33485,24.152849434944056,24.784609599930295,-17.121410547357275,13.147123810885416,29.605790564655326,20.068546732119092
14544,2.590512213781534,7.224653253402589,-3.123585519885035,3.4400967014439385,4.058021689171556,4.6091459340360075
39780,1.269361363151817,3.0329641146615227,0.1337537288763017,1.143057078423229,1.276388784912714,3.0796803009988767
115474,-58.96359664942864,90.5148382687719,-1.2489479535393144,41.4507316088187,58.97682257316989,90.77995240324091
73449,13.229638313941283,9.046856978415498,-26.703638487449762,6.836979021361609,29.801134850641365,7.191608484981871
111278,-2.5804734190393663,3.009635649418953,-1.9217046573663643,2.2187229023906276,3.217420062179058,2.807554681169836
77660,-119.42381154053541,41.22480432425818,-110.13603612712774,26.399683105320303,162.45612705178377,36.71842031728477
44001,5.856753228110733,4.708506702420986,-2.412367121298289,2.0165063147173563,6.334119789118808,4.122150509827279
16664,41.9364430890645,80.21662667528815,23.094579561064638,36.7665263669312,47.87509649144,77.77944502117295
77669,-2.1336381983285606,5.300050893567731,3.702337812481191,3.464477443278192,4.273139038118788,3.8152237949022023
4065,-112.10991189241751,36.006973037682215,108.6122157677327,14.11688997222441,156.09370826046174,22.93053748309102
109176,13.152515936640095,6.964539407352657,3.006065116092325,3.4312108669773425,13.491667908222423,7.028017183730277
96576,-2.6097482616197936,1.0785549437510902,-0.8548994076731202,0.7222158118019238,2.7462044691295997,1.0670801040701656
6187,-25.748212406226408,21.454878632345412,-43.279811937648496,12.97343420012185,50.359830852320904,16.620808437694095
1964,-6.772315726898683,17.684629999980125,-6.557690822819236,5.4591779381598995,9.426959702496179,15.827853430162197
50335,70.88005569147398,37.268333703683666,26.00369463937984,25.962526559715172,75.49949953294104,36.680461401546694
88194,-0.14087269205034247,0.7850660677285289,-1.0306794708389122,0.5447715245019893,1.0402621241659675,0.5571207498632433
98687,-20.50343637863996,14.65222304778793,-10.341683458561624,7.260915258382593,22.96391343151301,14.276062448426838
92403,-0.1187384159634243,0.24934063708223161,0.3107360662766779,0.13269207158126556,0.33264953676595904,0.13692372567996003
90303,-21.43214167755128,159.67291297543687,78.83868762426783,91.82007552584064,81.699910423473,91.86823539035444
111312,0.6455987100016468,4.402171065959172,1.5087835705236528,2.783822727540712,1.641104980504871,3.239854581340437
20895,-12.247990656217024,19.00407811519969,-27.840732140572303,10.363244227948641,30.41577947772957,13.268978315761954
115527,1.5567605352634333,1.9151163648834824,1.2534646433748042,0.9469048396979787,1.998668801063452,1.7423250582205556
92418,9.374634510513944,17.10077915486576,-25.861291169080882,9.895378030933681,27.508001620214067,10.191960894360925
20901,-6.016298649773473,10.439834933034325,-6.3229642767169665,4.584008498681212,8.727870684646115,8.940956316460797
117629,-15.255065585826209,33.59071477213191,13.52210649637116,19.20558989591796,20.385396491779655,26.295396189510786
107107,1.0691811810374259,3.520538703607462,-5.611113898098952,2.1186202481169425,5.712070340544119,2.098608789509159
27249,-6.410977566975582,5.26233516859149,0.688769905540126,3.203931781361558,6.447870760727289,5.200317388438524
54582,12.04046112857495,1.5105355525497661,-6.556313846007901,0.7664406268287918,13.709775907580667,1.2890695631481073
88227,0.20719519738959222,3.203990859145712,0.4528236604844812,1.8697526412304712,0.49797501675874944,2.3111582433956617
98719,3.50385471550417,59.212717074665086,35.775753304312005,21.17497338974393,35.9469264660882,24.85539135769645
71395,-2.2474646942763026,1.1815270168299215,1.9028611147488652,0.7521982474654427,2.9448222313141024,0.9790121814672583
69291,1.3430425034823092,9.321725261268735,2.2424826226330623,6.464995935493551,2.613903494578804,7.569634173984127
77725,-6.192732911801181,4.410969003828253,-2.1367260390608847,1.9655963210740086,6.550995274224089,4.431877419394416
62983,-8.149861473798145,7.276208049254045,3.768172153631995,2.6555970174832204,8.97882862190313,6.060348435940498
20917,0.5088686219012545,0.8062675244405445,-0.04468158418451894,0.35210795992606253,0.5108265051080652,0.7925086581144231
115552,-12.3853972115668,8.854553515209613,4.047337576753154,4.486113220514894,13.02992730403684,8.194255993572105
50384,1.9369846642069382,2.427778019049941,-0.7764210888552194,1.4291101833713982,2.08680121156568,2.239748549709347
6240,3.28590607828549,7.123518658919366,0.4896619116283001,2.40445644775693,3.3221901726139955,7.281086425282518
8346,0.13352025706131693,1.8375092266453044,0.5183817746603993,1.021881542277654,0.5353011520123837,1.1619074517937111
25157,-8.764545493387915,19.267014510853638,-21.618994571641768,8.487149865271736,23.3280557268355,12.438836639266738
60904,-0.813486338217397,13.672257054066142,-12.166103505547975,7.675186786951054,12.1932700507359,7.865901572097901
113465,10.027689387531955,8.288803009563445,-21.772460110447465,5.930710374772794,23.97070240343088,6.239264226943469
12545,-0.8785973743993228,2.7764669964201807,0.9148394712643716,1.9689229265469725,1.2684102666269534,2.3215312474025644
94557,3.3045371232979552,1.7617282062642272,1.6025182902060315,1.1864110471857663,3.672605406206769,1.7060785597999257
65117,-3.836489597416718,6.097784761587279,4.827776584236638,2.839503183961746,6.166528940854025,3.763406506886987
100859,-1.3234875441463578,3.1081407720743885,4.344352350236706,1.9867053314458776,4.541477361224842,2.020307366881591
20949,-0.18089753184465426,6.617336418279577,6.127500605217683,2.1366787684455435,6.13017027365232,2.0018419914230203
111376,3.1423516471855466,4.845459266681979,-0.19149423766323379,2.838758679351993,3.148181049054825,4.814243013211175
88268,1.3185727703621921,3.2006789808389624,-0.4931003106135892,1.9270759723027957,1.407757815488106,2.9851146932783545
102963,-1.3773321041677236,2.804735287097246,13.48318645283257,1.5685963027044754,13.553352376700712,1.5368291406841128
58823,-7.962919198164025,4.865961062380162,-6.249240422652989,2.3275692911478294,10.12230645735493,4.455015424545984
6276,1.3646525727414986,2.016721935219523,0.9970501168807813,0.9820679237012561,1.6900844889714748,1.8700968940935734
69337,3.380481711990298,8.2962317374125,11.115283304095255,4.658013105180861,11.617967960680541,5.419606533387079
58829,62.12474746191376,43.879262091725394,20.038747777267634,20.957533137482336,65.27660882496508,44.03223939766646
67231,1.716582370490707,7.0030270760818265,5.263063193970363,4.1067881137564735,5.535927132685637,4.736275358219451
65135,-102.82605199471001,13.315791776925748,-17.431518637643737,6.413585190924033,104.29311967159352,13.466875591602768
107173,-403.6508078522318,32.82872923305872,282.68433050169784,19.50384478830852,492.7924567106852,27.655676431790724
25197,13.782979395401755,13.640546103423276,5.042116317817701,7.620219573809903,14.676288971551115,13.514844648726973
77783,-2.2544196100599456,3.042065311438261,-1.6208419932137377,1.7135335737129491,2.7766052195420077,2.817406261549499
71453,0.11714456811351695,17.69895513043238,0.9180611074751868,10.350468345130901,0.9255047524983698,10.826563488453656
27321,-17.78925809253947,9.478210946471961,-9.850238945512796,5.242343544795098,20.334328382483598,9.099910758832534
79881,5.790254757879027,14.482234934139969,-5.78275052606421,8.102127826855513,8.183352235351759,10.836529323798528
79883,-2.7928090981537848,8.863945773047906,8.084428069948263,4.601840235849951,8.553230961274105,4.65720629816376
69357,-0.2547051531760915,1.2353032950489966,-0.20745373005514778,0.768530075124538,0.3284992620513026,1.1223328722935173
23088,-3.1313857992933447,12.407215604982161,-13.027035901612685,5.1354965860433825,13.398105888741208,6.734818837808306
107190,63.390335128120796,52.79824372959815,385.65849548752726,39.24687113383518,390.83348081933633,40.031494867931755
12598,-2.0397301319107237,12.198562286638957,10.413567814030243,9.256518821630047,10.611451061397359,9.29422596653869
92507,30.63912092580893,177.31501838684386,-171.8212802042976,119.51020040337998,174.5316821157411,119.30627006469511
20990,14.713974500373201,34.5788948590133,-7.056177713734504,10.669043203938806,16.31841565610572,27.758311211300317
69367,207.7529971431741,233.61974281195145,-219.70210130287657,180.33331602852812,302.3744717049889,203.753548826476
6312,-1.518664177868325,2.875217999093397,1.0186317016583417,1.9215541065928192,1.8286474315088308,2.53509303024458
10512,-17.51000988209884,17.076197870043245,-13.690882372962516,9.561703475962045,22.22702648177427,15.590114257789736
14716,-8.517037061559963,13.95079593340005,6.019724067214605,9.108572117015756,10.429621189352407,12.098605582027334
48341,6.153412944670584,5.188538208475142,-1.104466937274995,3.9709821154859304,6.251746802548317,5.129822962000414
79910,-0.5252977249721825,8.43780922666996,4.475687376131284,4.314840042920114,4.506408235914928,4.167046814702581
84103,-30.537141008404376,27.82903316698032,-21.351309018893936,12.617408208820176,37.26117789049984,26.097923381386938
63070,-0.36685960057362205,3.4961713070582534,-0.4866962933442752,1.5465122476425925,0.6094745675482237,2.7894320666817274
